id	bits.on
0314_00002	13,15,17,25,26,28,30,49,60,67,88,89,134,148,153,207,214,219,222,231,238,285,310,327,343,351,400,402,411,429,469,499,503,515,530,540,549,552,586,626,651,683,690,696,709,726,731,738,772,778,793,795,802,806,816,818,874,878,883,896,901,904,914,936,937,944,948,968,992
0314_00006	13,15,18,21,25,26,49,60,89,126,134,148,153,161,207,214,219,222,227,231,236,237,238,245,285,288,297,308,327,343,345,351,357,383,399,470,492,494,499,508,513,515,540,547,577,586,602,603,618,626,633,691,726,727,746,758,767,772,778,795,802,806,836,883,898,904,936,944,948,961,968,992,1022
0314_00009	13,14,15,25,26,32,44,53,60,89,99,115,128,134,144,151,184,204,212,214,222,241,259,260,269,274,280,285,288,351,400,426,437,458,460,461,471,473,492,499,517,528,539,540,547,548,566,591,618,626,690,693,694,696,709,711,714,746,753,757,772,782,793,813,818,822,829,832,863,873,874,936,937,948,964,968,983,998
0314_00010	15,18,20,21,25,26,42,60,68,89,94,107,126,134,148,153,161,207,214,222,227,231,236,237,238,245,285,288,297,308,327,343,345,351,357,383,399,470,492,494,499,508,513,515,540,541,547,577,586,602,603,618,626,633,677,691,726,727,746,755,758,767,772,778,795,802,806,836,878,883,898,920,936,944,948,961,968,1022
0314_00011	15,20,21,26,58,60,89,94,95,128,153,159,207,216,222,231,237,244,270,278,285,288,332,343,366,371,382,388,401,439,453,470,480,492,494,497,499,501,508,516,530,584,586,605,609,618,621,626,633,655,670,688,690,691,726,727,746,758,762,772,795,802,806,818,836,871,927,933,936,948,961,964,983
0314_00012	15,20,26,44,45,58,60,77,80,89,92,99,136,146,153,159,161,173,175,207,222,229,231,236,243,244,270,276,285,314,318,332,343,360,366,371,382,401,453,479,480,492,499,508,516,530,605,609,618,621,626,655,670,686,690,726,727,746,758,762,769,772,795,802,806,808,818,836,883,922,933,936,941,948,957,964,970,971,983,1009
0314_00013	5,15,20,21,25,26,89,117,120,134,148,153,161,165,177,214,222,245,255,285,288,302,308,315,326,351,357,358,399,406,408,490,492,499,500,508,513,566,572,574,579,585,603,614,626,635,647,656,727,735,742,763,772,855,863,898,926,936,948,968,973,981,988,1014,1022
0314_00016	13,15,18,25,26,49,60,79,89,101,119,124,134,151,153,169,182,184,188,193,207,214,219,222,231,245,258,285,288,327,340,343,351,400,470,492,494,499,508,513,515,540,547,575,586,618,626,690,696,726,727,729,752,772,778,793,795,802,806,814,818,823,874,883,904,936,944,948,961,968,992
0314_00025	13,15,20,25,26,44,53,60,64,82,89,99,115,134,144,153,184,205,207,214,222,231,250,269,274,280,285,288,331,343,351,361,389,400,416,458,470,473,492,494,499,540,547,566,567,586,618,626,663,690,696,698,726,727,757,762,772,782,793,795,802,806,818,822,850,874,877,936,948,961,968,1013
0314_00029	15,20,21,26,58,60,89,94,95,153,207,216,222,231,237,244,261,285,288,330,332,343,382,388,401,453,470,480,492,494,497,499,508,530,586,605,609,618,626,633,655,670,677,688,690,691,726,727,746,752,758,762,772,795,802,806,818,836,933,936,948,961,964,983
0314_00037	20,138,153,171,207,272,280,347,387,421,423,434,497,508,511,526,560,575,627,700,727,762,827,833,886,888,916,919,948,1019
0314_00038	20,138,142,153,171,187,207,218,254,272,273,299,347,387,423,434,497,508,511,526,541,575,627,665,700,727,802,821,827,833,863,888,916,919,948,994,1004
0314_00039	12,20,48,94,124,126,138,153,171,207,257,258,272,347,387,423,434,480,497,508,511,526,536,575,626,627,640,700,727,827,833,888,916,919,932,948,994
0314_00040	20,62,124,138,140,153,171,207,272,283,306,332,338,347,358,370,387,423,434,497,508,511,526,530,536,575,627,640,700,727,778,826,827,833,888,916,919,948,994
0314_00041	15,20,26,60,67,89,93,94,134,153,201,207,222,231,245,261,285,288,330,331,343,399,414,416,440,453,470,480,485,492,494,499,508,530,540,566,567,586,609,618,626,637,639,641,670,677,679,688,697,698,726,727,746,752,765,772,780,795,802,806,851,884,948,949,961,963,1022
0314_00042	15,20,26,60,89,94,124,134,153,182,207,222,231,244,245,261,285,288,302,330,338,343,401,453,458,470,480,492,494,499,508,530,533,536,540,586,605,609,618,626,644,655,670,677,678,688,690,726,727,752,762,772,795,802,806,814,818,894,907,921,936,944,948,961,964,983
0314_00043	15,17,20,26,60,89,94,110,119,153,207,220,222,228,231,261,285,288,330,331,337,343,459,470,480,492,494,499,508,526,530,553,566,567,586,618,619,623,626,630,637,650,655,670,677,688,690,698,726,727,752,762,765,772,795,802,806,818,836,936,948,961,964
0314_00044	5,15,20,26,31,58,67,70,89,93,94,111,134,153,175,207,222,231,245,261,285,302,307,330,343,399,402,440,453,480,492,499,508,509,530,533,536,540,572,573,576,586,609,618,626,644,670,673,677,679,690,726,727,752,765,772,780,794,795,802,806,814,884,890,894,927,935,938,948,963,998,1022
0314_00047	15,20,21,26,58,60,89,94,95,128,153,159,207,216,222,231,237,244,270,278,285,288,332,343,366,371,382,388,401,439,453,470,480,492,494,497,499,501,508,516,530,584,586,605,609,618,621,626,633,655,670,688,690,691,726,727,746,758,762,772,795,802,806,818,836,871,927,933,936,948,961,964,983
0314_00048	15,20,26,44,58,60,77,89,94,128,136,153,159,161,173,175,207,222,229,231,243,244,270,276,278,285,318,332,343,366,371,382,401,439,453,480,492,499,501,508,516,530,584,605,609,618,621,626,655,670,686,690,726,727,746,758,762,769,772,795,802,806,818,836,871,883,922,927,933,936,941,948,957,964,971,983,1009
0314_00050	7,15,19,20,21,25,26,89,107,117,134,148,153,214,222,245,255,267,269,285,293,308,315,326,338,342,343,351,357,399,401,406,427,492,494,499,506,508,510,513,517,558,566,603,617,618,626,633,698,727,742,772,819,821,836,840,841,847,866,898,936,948,968,995,996,1021,1022
0314_00055	5,15,20,26,58,60,70,72,89,94,134,153,207,222,231,244,245,261,285,330,332,343,382,387,401,453,480,492,499,508,530,540,572,573,586,593,605,609,618,626,644,655,670,677,690,726,727,746,752,758,759,762,772,794,795,802,806,818,827,836,884,913,927,933,935,936,938,948,964,983,1023
0314_00056	15,17,20,21,26,60,89,94,95,153,207,222,228,231,237,261,270,285,288,300,316,330,343,470,480,492,494,499,508,530,553,554,586,594,618,626,633,655,670,677,688,690,707,719,726,727,752,758,762,772,795,802,806,807,818,861,882,916,917,918,936,948,961,964
0314_00058	15,20,26,45,60,80,89,92,99,146,153,159,207,222,231,236,243,244,270,285,288,314,331,343,360,366,371,401,414,417,453,470,479,492,494,499,508,516,530,566,567,586,605,609,618,621,626,637,641,655,659,670,688,690,692,698,726,727,746,762,772,795,802,806,808,818,851,884,936,948,949,952,961,964,970,1022
0314_00059	15,20,26,44,45,60,80,89,92,99,146,153,159,161,207,222,229,231,236,243,244,270,285,314,343,360,366,371,379,401,414,417,453,479,489,492,499,508,516,530,566,605,609,613,618,621,623,626,655,659,670,674,686,690,726,727,758,762,769,772,793,795,802,806,808,818,851,873,883,936,948,949,952,964,970,971,983,1009,1022
0314_00060	15,17,20,21,26,45,60,80,89,92,95,99,146,153,159,207,222,228,231,236,237,243,270,285,288,300,314,316,343,360,366,371,470,479,492,494,499,508,516,530,553,554,586,594,609,618,621,626,633,655,670,688,690,707,719,726,727,758,762,772,795,802,806,807,808,818,861,882,916,917,918,936,948,961,964,970
0314_00061	20,62,124,138,153,171,182,207,225,272,306,338,347,387,423,434,497,508,511,526,530,536,575,627,640,700,727,747,827,833,888,915,916,919,948,994
0314_00062	20,124,138,140,146,153,171,207,272,306,338,347,358,370,387,405,423,434,497,508,511,526,530,536,575,627,640,700,727,728,778,827,833,880,888,916,919,948
0314_00064	20,62,124,138,140,153,171,207,272,283,306,338,347,358,370,387,423,434,497,508,511,526,530,536,556,575,627,640,662,700,727,748,755,778,781,826,827,833,888,916,918,919,948,994
0314_00065	20,21,62,64,138,153,154,171,207,272,283,288,312,347,361,387,423,434,481,488,493,497,508,511,526,541,551,556,575,599,617,627,662,700,727,737,755,778,781,801,826,827,833,850,865,888,916,919,920,948,976,994
0314_00066	20,62,124,138,140,153,171,207,272,283,306,338,347,358,370,387,423,434,497,508,511,526,530,536,556,575,627,640,662,700,727,748,755,778,781,826,827,833,888,916,918,919,948,994
0314_00071	20,50,51,62,64,101,124,137,138,153,154,171,172,186,207,272,283,295,306,312,321,338,347,358,370,384,387,396,423,434,481,497,508,511,526,530,536,575,588,627,640,700,726,727,741,778,826,827,833,850,864,888,897,916,919,948,994
0314_00072	15,17,20,21,26,45,60,80,89,92,95,99,146,153,159,207,222,228,231,236,237,243,270,285,288,300,314,316,343,360,366,371,470,479,492,494,499,508,516,530,553,554,586,594,609,618,621,626,633,655,670,688,690,707,719,726,727,758,762,772,795,802,806,807,808,818,861,882,916,917,918,936,948,961,964,970
0314_00073	20,138,153,197,207,301,387,390,434,508,511,526,575,626,627,700,707,727,754,779,831,833,919,932,948
0314_00074	20,138,153,171,187,207,272,273,297,347,387,423,434,497,508,511,526,564,575,579,627,700,727,802,827,833,863,888,916,919,923,948,975
0314_00075	20,49,124,138,148,153,171,207,272,347,387,390,423,434,497,508,511,526,536,551,563,575,627,640,674,700,727,802,827,833,885,888,916,919,948
0314_00076	20,94,124,138,153,171,207,248,272,306,338,347,348,358,370,387,423,434,480,497,508,511,526,530,536,575,626,627,640,700,727,752,778,827,833,863,888,915,916,919,948,976
0314_00077	13,20,54,62,124,138,148,153,171,175,207,225,231,272,282,283,347,387,390,399,417,423,434,436,466,497,508,511,526,536,556,575,626,627,640,662,700,727,755,778,779,781,826,827,833,839,888,916,919,948,994
0314_00079	20,62,124,138,140,153,171,207,272,283,306,338,347,358,370,387,423,434,497,508,511,526,530,536,556,575,627,640,662,700,727,748,755,778,781,826,827,833,888,916,918,919,948,994
0314_00081	13,20,54,62,124,138,148,153,171,175,207,225,231,272,282,283,347,387,390,399,417,423,434,436,466,497,508,511,526,536,556,575,626,627,640,662,700,727,755,778,779,781,826,827,833,839,888,916,919,948,994
0314_00082	20,50,62,64,101,124,137,138,140,153,154,171,186,207,272,283,295,306,312,338,347,358,361,370,387,396,423,434,481,497,508,511,526,530,536,556,575,588,599,627,640,662,700,727,741,748,778,826,827,833,850,864,888,897,916,918,919,948,994
0314_00086	20,40,138,153,171,191,207,272,315,347,367,387,423,434,449,497,508,511,526,575,627,644,682,692,700,727,762,779,827,833,850,888,916,919,930,935,948,1013
0314_00087	20,62,111,124,138,153,171,207,272,306,338,347,358,370,387,423,434,497,508,511,526,530,536,575,627,640,700,727,778,826,827,833,868,888,916,919,948,994
0314_00089	20,21,62,64,101,137,138,153,154,171,207,272,283,288,312,347,387,423,434,481,488,493,497,508,511,526,541,551,575,617,627,700,727,737,778,801,826,827,833,850,865,888,916,919,920,948,976,994
0314_00090	20,62,124,138,140,153,171,207,272,283,306,338,347,358,370,387,423,434,497,508,511,526,530,536,556,575,627,640,700,727,748,755,778,781,826,827,833,888,916,918,919,948,994
0314_00091	20,94,101,124,134,138,148,153,167,171,207,262,272,333,347,387,390,423,434,480,497,508,511,525,526,575,626,627,640,672,700,727,773,802,820,833,888,898,909,916,919,948
0314_00092	20,21,62,64,138,153,154,171,207,272,283,288,312,347,361,387,423,434,481,488,493,497,508,511,526,541,551,556,575,599,617,627,662,700,727,737,755,778,781,801,826,827,833,850,865,888,916,919,920,948,976,994
0314_00093	20,62,124,138,140,153,171,207,272,283,306,338,347,358,370,387,423,434,497,508,511,526,530,536,556,575,627,640,662,700,727,748,755,778,781,826,827,833,888,916,918,919,948,994
0314_00094	20,50,62,64,124,138,140,153,154,171,207,272,283,306,312,338,347,358,361,370,387,423,434,481,497,508,511,526,530,536,556,558,575,599,627,640,662,700,727,748,755,778,781,826,827,833,850,864,888,916,918,919,948,994
0314_00095	20,62,124,138,140,153,171,207,272,283,306,338,347,358,370,387,423,434,497,508,511,526,530,536,556,575,627,640,662,700,727,748,755,778,781,826,827,833,888,916,918,919,948,994
0314_00111	20,50,62,64,94,101,137,153,154,186,283,295,312,321,361,391,396,480,481,497,508,530,556,588,599,626,727,741,752,778,803,826,850,864,897,918,948,976,994
0314_00128	20,50,51,64,94,153,172,186,295,312,321,391,396,441,480,481,508,522,530,586,588,611,626,715,727,741,752,778,804,850,897,948,976,994
0314_00159	20,41,58,64,94,130,153,154,391,480,497,508,530,556,599,626,662,707,727,752,778,803,835,850,915,918,946,976
0314_00164	11,20,62,64,90,94,148,153,154,159,163,283,312,361,391,422,434,480,481,497,508,527,530,556,558,607,626,659,662,699,727,729,736,752,755,768,778,803,820,826,850,880,909,918,930,948,976,994
0314_00189	20,88,94,111,153,207,208,225,231,326,390,391,399,411,420,425,477,480,497,508,530,556,626,662,666,704,727,752,778,803,918,942,976
0314_00195	54,57,67,77,89,132,134,137,139,153,163,168,244,245,256,266,302,317,319,347,369,374,405,412,422,436,461,479,486,508,524,544,555,582,588,614,626,631,638,662,680,692,693,699,704,719,720,743,763,783,785,787,791,796,797,831,836,866,919,936,954,963,968,974
0314_00196	64,67,89,120,129,132,134,139,153,163,168,199,207,244,245,309,311,319,326,327,330,337,369,374,405,422,461,481,486,506,508,524,532,582,615,626,631,638,662,669,680,719,720,783,791,792,797,860,868,876,887,889,919,936,968,974
0314_00198	15,19,54,56,57,65,89,122,134,139,153,161,172,266,318,319,347,349,361,405,422,436,445,446,452,461,481,486,508,524,525,555,558,566,580,584,588,625,626,629,678,690,692,693,728,743,755,760,763,783,784,791,836,850,887,920,930,936,954,960,964,968,974,975,1019
0314_00199	20,52,64,94,96,107,118,134,141,153,182,207,272,372,383,389,407,479,481,487,503,508,550,603,626,635,654,662,714,727,762,778,786,797,812,849,893,896,921,951,968,989
0314_00200	20,44,54,57,71,89,123,125,134,138,153,235,341,347,357,361,369,392,396,432,461,480,481,487,508,543,550,555,581,599,612,626,627,689,692,699,719,725,727,763,769,785,791,810,812,843,850,854,871,877,881,897,898,899,918,936,948,954,963,968,974
0314_00201	6,14,19,44,56,65,89,124,134,139,153,163,172,192,244,281,306,319,369,374,405,415,422,436,461,464,481,486,524,525,558,566,580,625,626,629,638,678,680,690,719,728,755,783,791,881,887,915,919,936,948,959,960,968,974,975,1015,1017
0314_00202	4,6,15,20,26,89,94,140,150,153,178,185,207,216,223,250,263,326,390,395,461,474,486,492,508,516,570,576,587,626,632,704,720,727,757,762,770,819,829,836,837,855,874,896,936,946,948,960,1016,1023
0314_00203	20,64,94,96,107,134,153,167,207,272,310,333,347,372,375,383,389,407,479,487,503,508,516,550,602,603,626,654,662,673,714,727,739,762,778,786,797,812,893,896,948,960,968,989,1018
0314_00217	20,94,153,156,259,261,268,313,341,480,481,508,626,651,659,727,756,862
0314_00226	134,169,189,245,251,390,403,452,479,506,508,662,663,675,766,837,968,981,997
0314_00227	47,134,195,203,245,270,405,422,481,506,508,552,578,587,604,662,668,686,789,887,899,914,968
0314_00234	15,63,109,134,157,201,245,439,506,508,524,526,662,675,686,727,741,849,940,948
0314_00238	20,46,53,94,144,153,341,355,480,481,508,541,596,603,626,670,675,678,727,783,948,978
0314_00250	98,134,188,206,223,240,245,249,317,405,422,479,506,508,517,532,580,582,654,662,727,778,787,884,950,968,981,984,1012
0314_00251	97,98,110,134,206,218,223,245,289,343,486,506,508,524,582,583,657,658,662,727,946,960,981,984
0314_00252	62,134,317,344,370,405,422,479,481,486,511,580,662,678,690,691,729,750,787,806,828,887,905,944,960,968,989,1006
0314_00253	64,134,142,196,206,245,317,405,422,453,479,481,506,508,509,512,517,545,582,615,652,662,743,755,787,795,860,869,887,889,968,984
0314_00254	14,119,134,220,245,298,424,449,454,479,506,508,575,582,649,662,727,837,896,937,948,968,981
0314_00256	15,20,32,79,89,94,139,233,237,474,508,590,614,626,662,677,727,772
0314_00259	15,20,32,89,94,123,139,233,237,276,404,427,451,473,474,508,590,614,626,662,677,727,770,772
0314_00260	20,80,94,107,118,141,153,207,209,242,348,481,508,552,575,626,635,662,727,915,1005
0314_00268	20,81,116,123,134,170,272,341,385,393,405,432,481,487,508,550,585,725,727,850,880,897,898,922,968
0314_00279	20,52,62,72,94,96,107,118,134,141,145,153,182,207,230,270,421,424,481,487,508,550,558,588,626,635,727,864,968,989
0314_00280	20,52,72,94,107,118,134,141,153,182,207,270,281,424,481,508,550,558,620,626,635,640,676,697,727,733,819,947,968,970,989
0314_00284	65,70,89,134,139,153,163,199,207,245,311,326,327,330,369,374,405,452,460,461,465,481,508,523,524,560,596,615,626,638,657,680,716,719,765,791,833,887,919,928,936,952,968,974,976
0314_00286	20,77,88,94,107,117,122,134,153,195,207,281,285,310,338,366,387,389,395,405,479,481,508,516,530,551,602,626,662,668,673,727,739,757,787,866,913,938,965,968,989,999
0314_00289	20,31,62,68,83,94,96,107,118,134,141,153,207,211,231,265,279,315,347,387,442,481,487,508,511,550,563,626,635,699,727,748,859,887,968,1001,1022
0314_00290	89,96,103,132,134,135,139,153,163,164,184,199,207,223,245,307,311,319,326,327,330,337,368,369,374,405,422,461,506,508,524,582,585,592,626,631,638,662,680,696,698,719,727,783,791,867,919,936,943,968,974,981,990,1007
0314_00297	20,52,64,94,96,107,118,134,141,153,182,207,272,372,383,389,407,479,481,487,503,508,550,603,626,635,654,662,714,727,762,778,786,797,812,849,893,896,921,951,968,989
0314_00298	4,35,50,63,67,89,94,127,132,134,137,139,153,163,175,199,207,244,311,316,319,326,327,330,369,374,405,422,461,524,576,626,631,638,675,680,686,719,720,772,783,791,797,801,814,877,919,924,936,948,963,968,974,982
0314_00299	20,94,124,138,153,171,207,248,272,306,338,347,348,358,370,387,423,434,480,497,508,511,526,530,536,575,626,627,640,700,727,752,778,827,833,863,888,915,916,919,948,976
0314_00301	20,54,57,65,70,84,89,134,138,139,153,163,165,210,245,256,267,269,300,302,347,364,369,374,402,405,412,430,445,452,460,461,465,481,492,508,523,524,540,555,560,596,600,615,626,638,657,680,692,700,716,718,719,763,765,785,791,833,846,877,887,911,919,928,932,936,948,952,954,965,968,974,976,994
0314_00309	20,62,124,138,140,153,171,207,272,283,306,338,347,358,370,387,423,434,497,508,511,526,530,536,556,575,627,640,662,700,727,748,755,778,781,826,827,833,888,916,918,919,948,994
0314_00316	57,77,153,207,240,389,481,508,626,692,757,913,936,954
0314_00329	20,94,107,118,141,153,186,207,231,250,387,396,481,508,535,607,626,635,656,727
0314_00330	20,138,153,232,324,387,508,575,700,727,777,833,919,948,982
0314_00331	20,62,94,107,118,141,153,207,231,250,476,481,483,498,508,626,635,727,948,994
0314_00335	20,75,77,153,259,261,341,424,436,481,527,659,671,698,704,715,756,778,833,913,915
0314_00338	15,20,22,32,89,94,329,438,474,508,590,613,626,662,677,727,776,818,936,944,964
0314_00340	20,94,107,113,131,134,153,207,426,480,508,511,516,602,626,673,727,948,994,998
0314_00347	20,94,107,118,130,141,153,207,231,250,396,441,480,481,508,530,626,635,679,727,752,778,787,884,976
0314_00348	20,94,107,131,153,207,220,231,261,349,357,383,480,508,516,530,602,626,673,727,752,855,948,994,998
0314_00361	21,22,77,153,346,360,436,481,516,527,700,778,800,869,913
0314_00365	20,52,88,94,107,117,118,134,141,151,153,195,207,270,369,387,395,405,479,481,508,626,635,662,727,787,863,866,968,989
0314_00368	20,94,107,118,141,153,207,231,250,298,441,481,508,515,626,635,679,727,778
0314_00369	20,69,94,107,118,123,141,153,207,231,237,242,250,321,348,363,441,447,481,508,540,626,635,727,735,803,915,923,949
0314_00371	67,134,245,250,266,311,317,377,404,405,422,479,508,515,517,524,585,603,614,662,681,686,738,754,787,852,923,935,948,968,984,999,1010
0314_00372	41,88,100,132,134,146,236,240,245,262,319,376,405,422,506,508,524,576,585,603,630,638,662,679,686,715,723,763,778,806,808,948,968,969,982
0314_00374	1,67,134,177,205,245,262,266,311,316,319,377,404,405,422,461,508,524,576,585,603,686,738,803,808,916,944,948,968,969,982,995
0314_00376	77,127,134,153,154,207,224,226,259,286,305,336,350,353,369,381,390,476,481,515,550,626,640,647,787,836,849,968,991
0314_00377	20,21,94,107,118,120,141,153,207,231,250,291,313,347,402,430,475,480,481,485,508,530,544,545,626,635,640,727,752,797,850,950,1019,1022
0314_00378	20,35,94,107,110,118,141,153,207,231,250,254,363,447,481,484,508,552,626,635,727,855,915,949
0314_00380	6,20,80,94,101,102,106,134,153,220,234,264,326,328,387,393,405,420,456,508,552,580,605,626,640,646,674,685,708,719,727,737,845,948,968
0314_00389	19,35,56,65,89,124,134,139,163,172,183,192,215,260,319,405,422,433,436,461,464,481,486,524,525,558,566,580,581,594,625,626,629,678,680,690,719,728,755,783,863,887,919,936,948,959,960,968,974,975
0314_00390	15,64,67,89,120,122,129,132,134,139,153,163,168,199,245,309,311,319,326,330,337,386,405,422,461,481,486,506,508,524,530,582,609,615,626,631,632,662,669,671,782,783,791,792,823,836,850,860,868,887,889,920,930,936,964,968,974,1019
0314_00391	54,57,64,67,89,120,129,132,134,139,153,163,168,244,245,256,266,302,309,319,337,347,369,374,405,412,422,461,481,486,506,508,524,532,555,582,588,615,626,631,638,662,669,680,692,693,719,720,743,763,783,785,791,792,796,797,860,868,876,887,889,919,936,954,968,974
0314_00398	21,22,77,153,346,360,361,436,477,480,481,516,527,700,778,800,869,913
0314_00399	41,45,57,93,95,117,134,138,153,182,201,202,220,227,234,257,263,285,347,393,400,405,430,476,481,482,508,512,535,539,569,580,605,613,621,626,670,673,675,678,687,692,713,719,758,763,769,773,786,821,826,843,854,877,887,922,948,954,968,1016,1023
0314_00408	14,20,62,69,94,107,110,118,128,141,145,153,159,207,231,242,250,257,270,274,283,284,285,327,342,354,363,366,380,403,440,474,480,481,508,516,530,556,626,627,635,673,680,690,692,727,739,755,757,778,826,871,878,915,917,923,927,948,984,994
0314_00409	105,119,131,134,153,166,184,207,211,220,221,240,245,253,262,310,326,367,390,394,399,400,403,405,411,423,467,489,495,506,508,515,524,525,532,538,576,582,585,596,607,615,616,626,647,658,662,668,697,704,710,746,841,874,892,919,928,934,948,968,1006,1018,1024
0314_00412	20,62,124,138,140,153,171,207,272,283,306,338,347,358,370,387,423,434,497,508,511,526,530,536,556,575,627,640,662,700,727,748,755,778,781,826,827,833,888,916,918,919,948,994
0314_00425	20,57,94,144,153,154,223,259,280,341,355,421,480,481,508,553,596,603,626,670,692,697,704,727,780,783,880,915,916,948,954
0314_00432	20,94,153,259,261,341,480,481,488,508,530,563,626,659,698,704,727,752,756,778,833,914,915,976,1020
0314_00437	57,138,153,345,347,430,508,540,600,626,692,700,713,718,763,769,822,833,854,877,919,932,948,954,994
0314_00441	35,83,134,173,220,245,248,317,374,385,405,421,422,481,506,508,557,622,662,668,686,738,887,948,958,968
0314_00443	77,88,115,117,134,153,195,356,387,395,405,479,481,545,662,669,786,787,913,968
0314_00457	20,138,146,153,320,387,423,508,530,575,606,700,718,727,778,833,859,919,924,932,944,948
0314_00458	20,138,153,197,207,301,387,390,434,508,511,526,575,626,627,700,707,727,754,779,831,833,919,932,948
0314_00459	21,22,77,118,153,346,360,361,424,436,480,481,516,527,700,778,800,869,880,913
0314_00464	6,29,77,102,134,146,152,153,171,182,195,220,234,264,326,328,330,387,393,405,420,481,580,596,605,626,640,708,719,746,948,968
0314_00465	20,77,94,107,153,167,180,207,225,231,424,436,458,481,504,508,512,516,602,613,626,637,673,727,739,762,778,797,897,913,948,960
0314_00466	20,94,103,107,118,141,144,153,207,231,250,255,259,302,341,430,441,481,490,508,553,599,626,635,642,657,659,670,679,686,698,727,778,781,915,948
0314_00468	20,52,72,91,94,107,118,134,138,141,153,182,207,226,270,281,304,353,417,453,474,481,508,515,550,626,635,640,657,697,710,727,753,766,773,808,819,937,968,971,989
0314_00469	70,89,134,139,146,153,245,252,269,311,326,330,338,374,379,388,405,443,452,459,460,461,465,467,480,481,492,508,523,524,525,539,560,564,596,609,615,626,657,690,716,727,765,791,805,816,833,887,919,928,952,968,974,1009,1012
0314_00472	54,57,65,70,89,134,139,153,163,245,256,266,302,347,369,374,405,412,452,460,461,465,481,508,523,524,555,560,588,596,615,626,638,657,680,692,693,716,719,743,763,765,785,791,796,833,887,919,928,936,952,954,968,974,976
0314_00477	20,34,54,57,89,134,139,153,163,219,256,266,302,319,321,341,342,347,369,374,384,405,412,422,432,461,481,508,524,555,567,578,588,626,638,652,665,680,692,693,711,719,727,743,763,783,785,791,796,842,887,919,936,954,968,974
0314_00478	20,138,153,171,207,272,280,347,387,421,423,434,497,508,511,526,560,575,627,700,727,762,827,833,886,888,916,919,948,1019
0314_00479	19,20,138,141,153,207,225,231,269,381,387,438,441,481,508,606,635,700,718,727,778,782,833,912,919,932,937,948,971
0314_00568	20,96,107,134,153,248,272,341,372,383,389,429,440,479,481,487,495,503,508,516,522,550,603,654,662,684,714,727,762,778,786,797,812,893,896,968
0314_00570	96,134,153,272,326,342,372,383,389,408,479,487,503,522,550,603,626,654,662,666,675,714,762,778,786,797,812,813,853,893,896,940,968
0314_00571	77,96,134,142,153,272,356,372,383,389,458,465,479,481,487,503,522,550,603,654,662,714,762,778,786,797,812,813,893,896,913,940,968
0314_00577	20,47,63,94,96,134,177,183,200,219,370,405,456,476,487,494,508,550,577,606,613,625,626,702,727,753,824,831,841,876,935,962,968,1012
0314_00582	20,64,96,134,141,153,182,200,207,272,341,372,383,389,407,479,481,487,503,508,550,582,596,601,603,635,654,662,714,727,762,778,786,797,812,893,896,916,951,968,989
0314_00583	20,62,94,96,107,134,145,153,167,207,210,230,251,270,310,407,421,487,508,516,550,558,588,602,626,673,727,739,762,781,797,842,948,960,968,989
0314_00584	96,134,153,255,272,360,372,383,389,425,479,487,503,516,522,550,603,654,662,697,714,762,778,786,797,802,812,813,891,893,896,940,948,968,998,1000
0314_00586	38,67,71,91,134,178,202,205,220,223,245,289,298,306,352,367,368,371,405,455,494,506,508,515,551,553,582,613,648,655,662,663,727,948,950,968,981,1018
0314_00587	20,104,107,134,153,155,199,257,260,270,272,330,333,347,360,372,383,421,425,479,505,508,515,516,522,541,549,550,591,595,633,654,662,704,727,762,778,786,797,812,813,833,843,896,940,948,960,968
0314_00588	20,24,38,52,68,72,87,94,107,118,134,141,147,153,158,182,190,207,215,256,260,270,307,319,347,389,481,508,515,550,579,605,616,620,626,635,640,676,680,727,733,744,812,871,945,947,968,989,1003
0314_00589	5,15,19,20,21,25,26,89,107,117,134,148,153,165,214,222,245,255,267,269,285,288,308,311,315,326,343,351,357,361,399,401,408,450,490,492,499,503,508,513,517,558,566,580,603,614,626,647,656,727,742,744,772,819,836,840,855,898,900,926,936,948,968,996,1014,1022
0314_00591	5,15,19,20,21,25,26,89,107,117,134,141,148,153,165,182,214,222,245,255,267,269,285,288,308,311,315,326,343,347,351,357,372,399,401,408,421,450,492,499,503,508,513,517,544,558,566,580,602,603,626,647,656,727,742,744,746,762,767,772,819,836,840,855,886,898,900,928,936,948,968,989,996,1014,1022
0314_00592	15,20,21,26,58,60,89,94,95,128,153,159,207,216,222,231,237,244,270,278,285,288,332,343,366,371,382,388,401,439,453,470,480,492,494,497,499,501,508,516,530,584,586,605,609,618,621,626,633,655,670,688,690,691,726,727,746,758,762,772,795,802,806,818,836,871,927,933,936,948,961,964,983
0314_00593	15,20,26,44,58,60,77,89,94,128,136,153,159,161,173,175,207,222,229,231,243,244,270,276,278,285,318,332,343,366,371,382,401,439,453,480,492,499,501,508,516,530,584,605,609,618,621,626,655,670,686,690,726,727,746,758,762,769,772,795,802,806,818,836,871,883,922,927,933,936,941,948,957,964,971,983,1009
0314_00624	36,75,134,317,370,403,405,422,479,486,511,523,559,580,609,662,691,748,750,787,828,852,905,915,927,948,960,968,989,1006,1015
0314_00633	36,96,134,145,278,349,421,487,491,508,550,579,825,829,850,964,968
0314_00635	20,94,96,134,145,169,298,421,456,487,508,523,550,626,727,897,898,947,968
0314_00636	36,72,134,278,349,508,550,620,626,640,662,676,712,733,825,850,897,947,964,968
0314_00637	29,36,134,278,349,405,437,487,508,515,550,586,592,626,640,676,781,792,801,825,829,850,887,968
0314_00639	20,68,94,134,153,211,283,296,322,328,342,353,456,487,508,534,546,550,626,640,727,781,791,849,928,968
0314_00640	20,94,134,169,211,226,266,353,369,381,454,456,476,477,508,515,550,626,635,640,727,897,968,998
0314_00641	20,94,129,134,169,176,201,438,456,481,508,550,617,626,635,716,727,862,887,897,947,968
0314_00642	20,31,68,94,96,134,211,265,315,387,442,456,481,487,508,550,626,699,727,887,928,941,968,992
0314_00643	2,3,17,20,94,95,134,169,227,295,298,449,456,458,481,508,515,560,626,640,676,716,727,887,897,968
0314_00644	20,68,94,114,134,211,240,283,304,353,425,456,481,487,508,510,534,545,550,626,640,726,727,781,887,928,937,968
0314_00645	20,47,51,67,71,94,134,169,213,226,265,353,454,456,481,508,515,519,550,626,635,640,727,887,897,954,968,998
0314_00656	20,75,94,96,134,153,283,353,354,457,480,487,497,508,519,530,533,550,626,640,675,696,719,727,752,786,919,935,945,968,1010
0314_00659	4,77,134,145,153,175,181,201,226,270,281,337,347,353,356,369,408,481,515,549,550,571,626,640,666,705,706,711,778,786,858,913,948,968
0314_00660	20,21,94,134,141,148,177,188,226,268,304,353,369,371,381,430,469,476,508,510,515,550,551,598,626,640,712,727,735,825,850,968
0314_00661	20,94,113,134,153,231,270,281,353,481,492,508,512,522,549,550,591,620,626,640,676,702,719,727,733,947,968,970
0314_00662	20,24,52,64,68,72,87,94,107,113,118,134,141,153,158,182,207,215,270,328,414,481,508,515,533,626,635,640,680,727,820,968,989,1003
0314_00664	1,15,30,32,43,56,65,74,89,134,184,233,260,325,353,360,369,400,409,419,428,515,518,542,617,626,640,642,662,738,777,908,948,968,1021,1022
0314_00665	15,20,79,89,94,121,134,153,172,245,264,301,374,381,422,479,480,493,497,508,528,530,547,553,562,626,647,660,662,709,727,743,752,773,778,789,803,887,913,952,972,976,981,1003,1008,1023
0314_00666	8,20,89,94,134,153,245,260,264,350,374,386,391,460,473,480,484,488,497,508,530,547,553,556,613,626,662,704,727,728,752,778,803,860,948,976,981,1008
0314_00669	20,68,94,96,98,134,155,183,242,258,295,360,386,405,439,452,456,477,487,494,508,550,568,580,585,616,626,684,725,727,776,928,936,968,970,1012
0314_00670	71,96,134,153,272,278,325,372,383,389,456,479,487,503,508,550,603,654,662,714,762,774,777,778,786,791,797,812,850,868,869,893,896,968,997
0314_00671	20,29,50,94,134,153,248,334,354,372,383,479,480,508,515,522,541,550,621,626,640,654,662,676,684,692,727,762,778,797,812,833,849,887,893,896,947,953,968,974
0314_00672	20,96,134,153,248,251,272,291,300,347,372,383,389,437,479,487,503,508,516,522,549,550,603,640,654,662,684,714,727,755,762,778,786,797,812,893,896,906,948,968
0314_00673	20,39,96,134,153,248,272,343,347,372,383,387,389,437,449,479,487,503,505,508,516,522,544,550,566,603,640,654,662,663,684,714,727,762,778,786,797,812,893,896,906,948,968,994
0314_00674	20,29,50,104,134,153,155,257,270,272,354,360,372,383,425,479,508,515,516,522,541,550,595,615,626,633,640,654,662,676,727,762,778,786,797,812,813,833,843,849,893,896,940,947,948,960,968,974
0314_00698	20,94,134,189,456,479,485,508,552,614,619,626,662,672,677,727,731,968
0314_00723	63,67,94,134,143,199,317,319,360,363,405,422,458,479,515,517,524,550,576,600,614,662,666,675,686,693,787,948,968,982,984,1017
0314_00728	1,20,31,68,96,134,181,211,283,341,353,432,481,487,508,550,626,640,675,727,787,846,968
0314_00737	20,96,109,134,145,260,347,389,421,476,487,508,520,550,575,727,762,844,849,865,886,948,968
0314_00738	20,37,62,94,96,134,145,153,270,295,334,421,480,487,508,522,550,588,626,702,727,901,968
0314_00749	60,96,129,134,145,278,300,304,421,481,487,491,508,514,550,578,627,741,825,829,850,881,968,1010
0314_00750	84,89,96,106,134,159,175,215,234,245,260,273,311,373,487,503,506,508,550,638,662,786,796,797,804,836,908,948,968
0314_00758	20,24,36,38,52,64,68,72,87,94,107,118,134,141,153,158,182,190,207,215,256,260,270,286,307,319,328,347,389,404,481,508,515,533,578,579,626,635,640,680,685,727,744,820,968,989,1003
0314_00759	20,24,38,52,68,72,87,94,100,107,118,134,141,153,158,173,182,190,207,215,226,256,260,270,274,307,319,347,353,366,374,389,481,488,508,515,550,578,579,626,635,640,680,727,744,765,812,855,968,989,1003
0314_00773	62,105,111,141,142,153,207,225,231,283,326,360,390,399,420,481,496,556,576,626,662,704,755,778,781,794,826,870,917,948,994
0314_00779	5,7,14,15,20,21,25,26,45,49,88,89,117,134,148,153,165,214,222,236,245,255,285,288,300,308,315,326,351,357,363,399,408,490,492,499,508,513,547,566,603,614,626,647,656,671,727,742,772,782,816,825,855,898,926,930,948,949,968,1014,1022,1024
0314_00780	7,15,19,20,21,25,26,89,107,117,134,148,153,214,222,245,255,267,269,285,293,308,315,326,338,342,343,351,357,399,401,406,427,492,494,499,506,508,510,513,517,558,566,603,617,618,626,633,698,727,742,772,819,821,836,840,841,847,866,898,936,948,968,995,996,1021,1022
0314_00784	7,15,20,21,25,26,49,60,88,89,99,117,134,148,153,177,182,214,222,236,245,255,285,288,308,314,315,338,342,347,351,357,399,400,492,499,508,513,544,547,564,566,603,615,618,633,698,727,742,744,746,762,772,782,789,812,816,821,847,877,886,898,948,949,968,971,989,1021,1022
0314_00799	7,13,15,26,40,42,49,74,75,76,134,152,153,178,183,200,207,220,222,229,231,242,283,318,328,330,343,359,369,400,461,467,497,499,515,588,626,628,640,679,731,759,773,775,778,783,802,810,819,884,904,948,957,963,966,968,992,995,1022
0314_00820	44,48,74,105,134,220,317,366,367,405,406,408,422,479,515,532,596,599,662,686,744,787,795,797,948,968,1018
0314_00831	20,94,128,153,194,207,252,253,254,257,270,299,480,508,516,541,626,692,727,802,871,917,921,927,943,948,994
0314_00836	14,20,94,96,134,136,153,272,372,383,389,479,480,487,503,508,522,530,550,603,605,626,654,662,666,714,727,752,762,778,786,797,812,813,893,896,914,940,968,976
0314_00849	20,94,96,99,134,153,158,272,372,383,389,457,479,480,487,503,508,522,530,550,603,626,654,662,714,727,752,762,777,778,786,797,812,813,881,893,896,940,968
0314_00851	20,77,94,153,436,480,481,508,530,626,637,727,752,778,791,913,976
0314_00856	20,94,114,128,137,153,270,293,352,398,469,480,486,495,508,516,555,626,663,669,727,762,850,871,927,948
0314_00859	20,94,134,153,175,207,225,231,242,254,282,312,390,431,436,480,497,508,511,530,626,727,752,778,779,785,803,976
0314_00867	15,20,89,94,106,134,163,201,245,264,474,508,527,554,584,590,626,662,677,727,772,1022
0314_00869	15,20,32,74,89,94,438,456,474,500,508,590,608,614,626,662,677,708,727,772,776,791,818,871,936,944
0314_00872	1,4,8,15,22,102,134,220,245,255,309,328,387,393,405,460,461,508,569,580,620,626,640,656,683,708,727,768,895,929,948,963,968,988,1001,1012
0314_00874	15,20,36,48,94,134,170,225,245,272,283,317,353,387,420,442,456,484,487,506,508,513,550,591,626,634,640,654,662,672,727,731,781,806,828,866,893,899,901,968,972
0314_00880	20,94,134,389,446,456,461,508,529,552,568,626,712,727,729,748,833,968
0314_00881	10,15,20,31,39,89,94,134,201,245,264,275,385,453,474,506,508,540,553,590,617,626,662,674,677,678,727,755,981
0314_00883	20,94,96,128,134,138,145,153,206,256,270,297,298,359,374,421,445,480,487,508,510,516,550,626,727,818,871,897,898,927,968
0314_00885	1,20,94,96,128,134,141,145,153,215,270,276,304,398,416,421,469,480,487,491,508,515,516,550,551,555,626,727,741,825,829,850,871,911,927,968,988,1010
0314_00886	5,20,94,107,118,134,141,153,180,207,231,250,259,341,375,376,441,480,481,490,508,511,516,522,602,626,635,642,657,659,668,673,679,698,727,739,778,825,913,915,916,989
0314_00888	39,96,134,188,272,278,282,349,383,389,402,479,487,503,508,550,654,662,714,762,786,797,798,814,824,850,896,909,968,980
0314_00889	20,94,96,134,272,383,389,392,421,456,479,487,495,503,508,550,611,626,654,662,673,714,727,757,762,783,786,797,838,896,946,950,968
0314_00891	20,94,134,169,211,328,353,396,456,458,508,515,592,626,640,648,660,727,752,897,930,968
0314_00892	12,20,94,96,134,153,248,272,334,372,383,389,479,480,487,503,508,516,522,550,603,626,654,662,684,692,714,727,762,778,786,797,812,893,896,953,968
0314_00893	20,39,94,96,134,177,272,304,324,383,389,402,427,439,469,479,487,503,508,510,550,551,626,654,662,713,714,727,762,786,797,798,803,824,850,871,896,909,938,968
0314_00894	15,20,94,96,134,144,225,245,272,371,420,456,487,503,506,508,513,533,542,550,553,591,626,654,662,672,714,727,731,741,786,797,803,866,899,968,983
0314_00897	20,35,64,94,96,107,134,153,155,196,205,207,272,372,383,389,390,407,479,487,503,508,531,550,582,603,626,654,662,714,727,762,778,786,797,812,893,896,968,985,989
0314_00900	15,20,32,89,94,123,139,233,237,276,404,427,451,473,474,508,590,614,626,662,677,727,770,772
0314_00901	3,15,26,134,222,245,298,385,461,498,499,508,626,701,704,765,783,788,819,855,912,948,973,1012
0314_00905	20,31,86,94,134,137,223,245,351,456,489,506,508,513,626,662,672,727,731,766,866,928,930,968,971,981,997
0314_00906	20,25,62,94,96,113,134,145,153,270,353,421,481,487,492,508,522,549,550,588,591,626,702,719,727,901,968
0314_00908	20,94,107,134,153,167,207,341,480,508,511,516,522,602,626,673,727,739,742,762,797,902,948,960
0314_00910	20,94,107,134,153,167,207,251,270,281,310,311,407,508,516,550,558,602,620,626,640,673,676,727,733,739,762,781,797,819,842,947,948,960,968,970,989
0314_00915	20,94,134,160,177,195,252,304,366,387,395,405,445,469,479,508,510,551,611,626,662,727,787,850,968,973
0314_00917	20,34,94,128,153,167,212,264,270,315,353,449,480,508,516,594,626,637,692,727,762,778,850,871,927,930,948
0314_00924	15,26,40,62,134,153,212,219,241,261,265,278,298,319,387,391,405,420,425,446,461,465,473,488,494,496,515,524,550,582,594,627,681,710,732,738,744,747,759,786,818,935,968,987,1019
0314_00925	59,69,74,86,96,134,135,146,153,245,256,257,272,284,314,329,330,345,347,405,411,422,433,442,487,500,505,508,524,550,592,596,603,609,633,649,654,665,714,718,746,763,795,820,842,872,915,917,948,954,968,984,994,1022
0314_00926	15,19,47,56,96,109,134,144,145,177,180,186,207,208,219,233,245,246,259,266,267,289,316,326,332,338,421,432,461,471,487,508,524,531,550,572,592,612,655,731,773,802,899,943,948,968,977,1023
0314_00927	55,99,105,134,158,169,178,181,192,193,218,220,245,246,259,307,351,367,391,400,515,524,542,550,576,579,613,641,657,659,686,773,802,887,948,968
0314_00928	15,28,39,45,57,59,89,97,116,134,144,153,207,214,215,264,278,319,334,373,387,391,399,405,420,458,488,524,550,554,626,732,738,739,741,747,759,772,786,789,802,863,914,948,968,971
0314_00929	20,35,38,51,68,72,87,109,130,134,144,211,214,219,235,241,253,254,255,260,263,265,274,278,281,298,309,347,360,366,374,405,452,455,467,487,492,508,509,515,516,536,550,580,585,594,605,678,683,706,710,725,727,730,756,769,781,805,807,844,935,939,961,968,981,998,1001
0314_00930	13,20,52,126,134,139,153,182,206,220,236,261,265,280,288,347,367,374,413,430,455,480,487,508,549,550,560,608,642,670,727,747,781,836,844,890,898,948,968,982
0314_00931	1,8,20,31,55,68,96,101,129,134,153,211,219,220,259,260,287,297,315,334,335,336,347,359,367,368,479,482,487,508,515,516,517,542,549,550,570,600,621,637,641,670,686,694,696,705,710,719,725,727,767,779,800,802,857,889,945,948,955,968,993,998
0314_00933	13,21,31,41,53,57,64,75,126,127,134,153,207,220,260,297,347,367,383,388,404,411,433,446,449,465,505,508,515,516,518,544,550,570,726,763,802,812,892,898,915,941,948,954,968,994,1002,1015
0314_00934	20,35,70,97,134,135,144,148,153,155,182,207,266,281,283,338,347,360,405,413,425,440,467,493,508,550,557,670,702,710,719,727,730,737,765,773,789,800,802,818,819,832,834,838,863,897,905,907,930,948,968,1001,1009,1019
0314_00935	20,35,48,61,101,134,144,153,214,225,240,270,275,278,281,291,330,332,355,356,374,393,405,417,487,501,508,509,515,516,550,580,582,606,617,631,655,727,730,747,781,808,850,867,882,901,908,911,915,968
0314_00936	15,57,88,110,134,153,175,177,187,207,245,252,254,299,310,347,360,378,403,411,453,465,505,508,524,529,570,623,634,637,763,773,791,802,809,915,925,948,954,994,1020
0314_00939	11,15,20,57,97,102,134,151,177,207,252,347,351,352,367,482,497,502,508,533,596,640,727,755,773,802,948
0314_00940	9,15,63,89,119,134,135,174,210,223,237,245,258,268,310,347,419,440,442,445,462,473,506,508,515,524,603,652,662,729,744,770,772,788,805,806,857,981,1012,1022
0314_00941	57,338,346,347,425,481,487,508,549,678,807,915,948,954,955,1015
0314_00942	20,62,134,153,158,208,233,238,241,278,284,299,319,347,379,387,391,405,430,434,446,459,508,515,524,529,574,576,582,586,622,657,670,677,679,680,707,727,744,747,785,791,800,818,844,891,899,916,948,968,984,994
0314_00943	62,65,67,80,102,134,153,158,160,215,245,268,282,325,347,384,405,426,430,449,475,508,513,515,524,541,544,550,565,576,596,603,615,654,658,666,669,766,800,805,808,919,929,940,948,968,969,981,990,994,1011
0314_00944	15,20,43,89,153,155,210,221,237,265,343,348,349,439,452,473,474,508,539,670,684,727,738,763,772,788,838,852,883,904,915,948,994,1024
0314_00945	4,13,15,20,24,26,69,91,110,134,144,153,197,216,222,226,237,245,263,270,278,284,285,335,347,349,391,434,451,458,461,508,515,520,634,651,652,656,674,681,687,715,727,747,762,781,788,826,860,883,921,924,925,948,956,963,968,971,977,993,994
0314_00946	15,26,32,55,60,62,89,91,120,130,134,144,153,209,212,222,232,254,328,347,350,431,456,461,509,534,544,568,620,652,670,704,711,762,768,772,812,817,829,844,852,908,916,948,977,987,994,1000,1019
0314_00947	15,20,34,42,44,55,89,93,132,134,137,153,192,220,221,245,259,265,289,294,347,367,399,418,423,433,435,494,496,497,499,505,508,515,535,540,597,626,640,659,663,678,686,766,777,814,871,874,885,925,941,948,968,994
0314_00948	8,31,33,62,116,134,144,153,214,215,278,300,319,327,387,391,399,405,420,430,488,517,524,550,706,732,738,739,747,748,759,777,778,786,826,835,863,864,874,880,909,912,948,968,971,994,999
0314_00949	15,30,57,65,74,86,117,128,134,153,180,184,206,237,245,258,278,347,388,391,393,399,405,442,459,461,487,508,515,524,548,549,563,580,584,624,642,658,697,713,747,748,789,837,897,915,919,948,954,968,1002,1008,1014
0314_00950	13,20,26,42,60,62,95,96,134,145,153,182,207,220,257,261,270,300,308,332,338,347,367,406,407,411,413,421,432,480,487,508,522,549,550,588,607,670,702,727,781,802,827,832,863,896,898,901,948,968
0314_00953	4,14,28,58,59,62,108,134,142,144,146,153,220,235,236,290,319,341,347,352,359,365,366,389,405,435,459,468,490,508,510,516,531,603,613,670,708,735,746,755,767,778,786,826,849,931,948,969,994,1000,1017
0314_00955	19,28,59,99,133,134,256,278,347,366,405,421,435,449,487,489,515,549,564,582,588,613,627,687,712,747,820,854,865,886,893,898,948,954,968,1019
0314_00956	13,15,90,106,116,125,134,153,156,199,220,245,256,260,276,278,316,332,347,411,429,442,449,461,505,508,515,535,550,552,564,609,611,643,654,656,661,683,735,747,748,763,808,812,820,850,861,890,948,954,968,994,1015
0314_00957	9,46,134,153,201,207,220,230,247,256,260,271,347,405,407,411,429,442,449,505,515,518,564,586,613,616,646,686,707,725,750,763,779,802,808,820,932,948,954,968,988,994
0314_00958	11,20,34,57,81,116,347,417,487,508,510,549,604,702,747,824,850,886,929,948,954,977,994
0314_00959	20,71,85,134,144,188,202,207,213,247,252,278,280,294,319,387,390,391,405,421,446,481,488,512,515,524,526,550,582,602,626,646,665,694,710,732,738,747,749,759,766,807,818,850,877,948,968,977
0314_00960	19,28,99,134,153,256,278,308,347,366,405,411,421,429,435,437,442,449,489,505,515,564,582,588,613,627,687,712,747,763,808,820,854,865,886,948,954,968,994,1019
0314_00961	3,26,35,84,89,96,97,134,153,194,234,257,271,278,291,300,319,358,360,387,393,405,420,461,467,487,488,496,499,509,524,540,550,582,586,594,635,644,702,710,732,733,747,748,758,759,786,789,829,861,868,908,968,984,993,1004
0314_00962	153,256,304,343,347,382,411,442,505,649,659,679,763,789,795,820,842,915,948,954,994,1022
0314_00963	36,50,75,85,92,96,134,144,214,215,240,278,280,291,298,324,358,361,373,385,391,393,405,486,487,503,515,525,550,582,585,626,641,702,738,739,747,755,791,863,968,969,971,979,1013
0314_00964	8,31,96,116,134,144,145,153,162,178,214,215,236,241,270,278,281,319,327,356,387,391,399,405,420,421,429,430,453,487,488,524,550,678,704,706,732,738,747,759,777,781,784,786,824,835,864,909,912,968,971,999,1003
0314_00966	24,35,127,134,192,206,225,226,245,247,263,278,311,319,325,353,360,375,387,391,405,428,445,446,467,473,481,488,508,515,524,536,550,563,582,596,603,605,615,654,666,669,687,689,710,732,738,747,758,759,787,818,859,864,881,883,929,949,968,1006
0314_00967	35,66,97,134,153,207,255,308,312,315,319,360,387,405,420,451,457,458,467,488,492,495,524,550,571,610,702,710,732,741,759,786,809,948,968,992
0314_00968	14,62,116,120,134,144,153,235,278,294,302,319,352,373,387,391,399,405,415,420,446,488,515,517,524,550,573,575,582,626,650,709,710,732,738,747,759,778,786,791,798,818,826,832,840,884,948,968,994,999
0314_00969	31,58,130,131,134,153,207,208,233,247,278,314,319,326,347,353,357,385,387,391,405,435,438,439,440,446,507,515,524,527,541,550,575,580,582,586,617,625,626,646,657,710,738,747,818,850,915,916,946,968
0314_00970	15,26,34,89,99,134,153,175,207,214,215,268,269,270,278,281,319,343,350,356,372,387,391,394,395,405,411,420,438,445,458,466,488,496,524,550,594,626,628,702,732,738,747,759,772,786,798,802,806,821,855,870,903,938,948,968,971
0314_00971	15,26,89,122,134,153,175,196,214,215,222,243,270,278,281,319,323,356,387,391,405,420,438,460,487,488,496,499,524,550,594,618,626,628,708,732,738,747,755,759,765,768,772,786,798,826,850,855,869,870,948,968,971,977
0314_00972	57,62,153,197,252,303,334,347,363,368,396,411,442,471,505,508,537,707,763,788,915,948,954,994
0314_00973	31,116,134,144,153,178,215,243,270,278,281,319,356,370,373,380,387,391,399,400,405,420,423,453,488,524,550,626,732,738,747,759,765,786,824,889,948,952,968,971,977,992,999,1003
0314_00974	15,26,40,62,89,134,140,153,182,212,219,232,258,265,271,278,292,303,319,347,358,387,391,405,420,425,446,461,465,473,487,488,494,496,513,515,524,531,550,551,582,594,627,681,710,711,713,732,738,747,759,768,786,817,818,829,948,968,994,1008,1019
0314_00975	25,86,134,168,182,198,220,263,270,276,303,305,319,346,363,367,405,425,428,487,493,524,550,560,711,728,768,773,776,781,808,846,858,876,912,919,948,968,971,985
0314_00976	3,15,26,32,54,134,140,153,191,192,207,215,218,222,278,288,319,352,387,391,405,420,488,496,499,502,524,550,571,594,617,626,708,712,732,738,747,759,776,786,825,833,850,855,948,968,970,971,1002,1010,1018,1019,1022
0314_00978	20,39,57,63,128,153,206,207,268,325,333,347,363,379,442,485,487,497,499,508,516,549,565,570,713,727,789,802,847,866,896,915,917,940,948,954,998,1008
0314_00981	15,26,38,63,89,107,134,153,161,212,215,221,260,267,274,278,292,319,347,351,359,387,391,405,407,415,420,425,461,465,473,488,494,496,515,524,531,550,551,582,594,627,681,711,713,732,738,747,759,763,764,786,787,812,826,827,829,871,948,968,971,1019
0314_00983	15,20,26,59,80,87,134,158,164,167,193,203,222,226,237,270,278,353,423,467,470,498,499,508,516,550,559,601,611,626,640,652,674,685,687,716,727,747,788,925,932,948,968,981,989
0314_00984	20,23,26,55,63,66,68,74,84,90,108,134,136,144,146,182,197,199,236,238,272,278,298,342,347,351,389,398,405,446,461,476,508,515,516,530,531,549,550,553,565,599,613,634,660,670,686,721,727,772,778,792,811,822,841,850,873,918,948,951,966,968,992
0314_00985	1,15,20,26,33,34,35,44,46,71,107,134,144,190,211,212,240,241,245,260,273,278,300,310,312,316,319,347,364,365,389,391,401,405,410,427,438,446,461,475,490,500,502,504,506,508,515,524,533,549,550,580,606,646,654,664,670,721,727,730,737,738,740,747,771,779,785,788,793,797,805,812,825,827,905,928,948,968,973,1000,1018
0314_00987	20,57,143,153,198,206,207,280,343,347,372,378,398,408,479,487,505,508,511,519,544,549,640,653,663,713,727,752,754,762,777,790,863,892,915,948,954,967,994
0314_00989	7,20,100,115,143,144,153,186,235,244,256,347,411,413,442,505,508,544,612,628,649,663,670,680,727,737,745,748,763,795,820,825,842,915,948,954,992,994,1021,1022
0314_00990	66,96,97,113,131,134,139,145,165,195,220,227,260,374,381,401,405,418,421,451,487,515,516,530,531,550,572,613,648,788,824,871,878,880,907,909,916,948,955,968,971,988,1003,1013
0314_00991	13,20,52,60,95,134,153,182,207,220,261,300,308,332,338,347,367,406,407,411,413,480,487,508,549,550,607,670,717,727,781,802,827,832,837,863,896,898,907,948,968,1001
0314_00992	13,15,20,134,153,178,182,206,220,236,261,314,367,405,413,420,480,485,487,508,524,550,560,587,608,632,642,651,657,670,688,705,727,747,759,781,813,890,898,940,948,961,968
0314_00994	3,8,15,20,43,62,146,153,175,237,265,306,349,436,508,522,524,534,665,727,788,873,915,919,948,954,994
0314_00995	52,99,100,134,144,173,190,207,245,278,310,311,347,351,352,374,405,461,462,502,504,508,515,524,542,563,582,611,630,633,670,675,698,705,747,748,802,827,903,914,924,948,968,977,978,979,999,1002,1006,1008
0314_00996	13,15,20,52,134,153,170,175,182,193,220,223,245,261,298,347,367,413,461,480,487,497,508,524,532,539,549,550,575,613,627,641,657,670,679,717,727,758,778,781,798,898,948,968,1001,1008,1012,1018
0314_00997	105,113,129,134,144,153,207,215,270,278,281,319,347,356,376,387,390,391,405,488,524,526,550,558,617,620,626,655,663,726,732,738,747,759,825,893,936,948,968,971,977,983,989
0314_00998	14,62,109,131,134,153,207,222,231,232,278,319,326,330,334,387,391,398,405,410,420,446,450,476,488,515,524,527,550,575,582,617,625,667,710,732,738,747,759,773,786,818,948,968,994,1001
0314_00999	20,96,134,145,153,167,174,207,256,324,347,378,408,421,467,487,505,508,544,549,550,601,624,631,647,663,709,722,727,746,748,751,781,795,820,863,915,918,948,954,968,994
0314_01000	20,30,57,194,300,347,365,412,482,486,487,508,510,549,574,652,727,733,737,762,775,832,850,930,948,954,975,994,995
0314_01001	20,30,57,71,152,153,198,243,347,487,498,508,510,545,549,569,603,604,610,654,668,670,707,727,747,762,774,800,824,852,932,948,954,994,995
0314_01002	20,35,38,47,80,87,97,109,122,130,132,134,136,144,184,210,214,218,230,253,260,274,278,281,309,347,360,374,405,454,455,467,468,487,508,509,515,516,530,538,550,564,603,613,635,646,659,678,686,702,710,727,730,781,807,810,839,925,961,968,991,999,1001
0314_01003	20,26,65,117,134,143,144,168,209,220,270,304,330,347,366,380,403,405,508,520,581,584,599,613,670,673,708,727,740,743,799,825,901,948,975,1016
0314_01004	16,33,134,153,220,224,230,247,256,260,311,347,375,405,407,449,450,460,487,515,549,564,613,616,625,626,670,686,726,740,795,820,852,893,898,910,922,948,954,968,970,988,994
0314_01006	5,26,27,57,62,134,144,153,184,197,254,256,278,300,304,325,347,363,368,411,428,442,449,471,505,508,515,530,550,582,598,663,671,705,709,713,747,763,789,830,869,904,915,948,954,968,994,996,1021
0314_01007	20,26,113,134,144,149,182,240,278,286,290,344,349,374,391,423,434,483,508,515,516,594,644,715,727,747,852,897,909,911,948,968,977,1009
0314_01009	58,95,134,138,153,159,193,207,220,254,262,304,305,330,367,392,417,453,502,508,515,516,536,564,617,621,636,644,657,738,790,819,848,937,948,953,968,989,994,995,1014,1023
0314_01010	45,96,101,108,134,153,183,207,230,256,347,393,405,411,429,442,449,484,487,494,505,550,564,580,613,658,682,683,686,725,743,750,763,773,791,795,808,820,910,948,954,968,994,1012,1015
0314_01011	8,35,38,52,97,110,120,134,230,258,260,278,308,337,347,348,360,366,367,386,391,405,410,431,434,467,494,515,548,550,580,582,585,702,705,707,710,736,747,753,789,797,812,818,871,893,907,936,968,980
0314_01012	2,20,58,113,139,153,154,157,207,256,304,347,411,447,486,487,489,494,497,502,508,516,530,549,568,574,596,652,727,737,762,765,775,802,820,850,851,877,948,954,994,995
0314_01013	4,20,134,144,145,149,153,194,214,270,276,277,278,281,292,310,311,355,368,374,391,405,451,493,504,508,516,524,549,550,606,609,610,620,686,705,724,727,734,747,776,780,831,863,877,912,948,968,974,977,994,1001,1013
0314_01015	12,144,150,153,172,256,338,347,382,407,411,442,505,649,659,679,690,731,763,795,820,842,915,948,954,977,993,994,1022
0314_01016	83,117,134,138,208,220,228,250,256,278,347,395,449,487,515,549,564,576,582,686,744,747,814,820,827,893,898,948,954,968,974
0314_01018	20,107,134,144,184,199,207,215,221,233,260,278,319,347,356,387,391,393,405,456,488,497,508,524,550,572,687,719,727,732,738,747,759,812,844,948,966,968,971,977,979,982
0314_01019	23,47,96,118,134,145,153,168,194,216,256,310,319,340,347,405,411,421,422,429,442,446,449,487,500,505,524,542,550,564,572,605,666,734,763,808,820,838,936,943,948,953,954,968,984,994,1005,1011
0314_01020	8,20,21,35,39,40,46,62,64,105,117,119,134,144,153,158,182,208,245,259,278,281,319,347,364,387,391,405,426,430,446,515,524,550,586,603,622,649,651,657,683,723,730,738,741,747,776,791,822,882,891,948,968,994,1001,1003,1009
0314_01021	15,86,134,153,156,180,184,245,256,263,278,302,311,347,391,399,411,433,442,446,454,461,481,505,508,515,524,550,555,561,609,623,649,658,662,738,747,748,763,795,820,842,915,948,951,954,968,994,1002,1006,1008,1015,1019,1022
0314_01022	20,22,66,74,108,125,134,144,146,182,197,199,236,278,327,347,351,405,461,476,508,515,516,531,536,540,547,549,613,634,670,686,687,720,721,727,752,772,778,822,850,858,948,968,992
0314_01023	20,51,73,74,117,134,144,220,243,260,288,292,347,367,434,465,466,508,515,516,520,550,570,593,630,670,722,727,792,812,819,833,948,968,970,998,1011
0314_01024	1,12,15,20,26,42,87,134,144,150,153,198,207,237,326,343,347,348,381,408,413,455,461,462,476,481,487,497,498,499,505,508,520,530,531,539,544,550,560,562,563,640,663,670,705,719,727,751,753,759,768,770,781,785,802,806,812,824,825,839,844,861,863,873,915,943,946,948,963,968,973,994,1012,1019
0314_01025	20,23,68,70,96,111,134,202,211,215,216,255,272,278,298,335,374,391,401,405,436,446,467,487,489,508,516,550,560,580,585,594,605,654,684,714,725,727,730,738,747,751,754,768,780,826,842,867,891,936,941,963,968,971
0314_01027	20,35,121,134,138,149,153,207,220,245,263,266,278,283,310,312,347,374,395,405,408,415,419,467,478,493,505,508,513,515,524,525,544,553,560,573,581,582,583,600,604,612,663,669,681,707,718,719,727,747,752,775,853,863,870,902,948,968,977,986,989,994,997,1003,1006
0314_01028	47,96,134,145,245,252,277,278,310,312,330,357,374,383,405,421,437,481,487,508,524,550,572,603,609,622,638,654,658,727,747,759,887,901,918,943,968,976
0314_01029	20,28,49,50,65,74,84,90,96,108,134,146,188,189,220,236,257,260,272,278,291,347,358,379,381,405,461,487,505,508,516,531,549,550,553,567,582,613,671,684,687,727,747,772,778,822,834,873,890,916,918,941,948,968,988,992
0314_01030	93,96,109,134,201,272,278,285,291,334,358,405,468,476,487,495,550,582,588,654,714,746,747,851,968
0314_01031	86,108,118,134,144,146,149,191,220,236,254,278,322,335,336,343,347,362,374,405,420,437,441,495,508,522,524,542,550,554,615,638,661,670,686,741,747,781,783,808,835,866,875,909,936,948,968,969
0314_01033	9,20,26,134,153,220,389,401,451,487,508,515,545,550,670,686,707,727,745,771,773,781,783,802,852,897,898,942,948,968,983,994,999
0314_01034	3,20,23,35,101,117,134,136,149,158,192,201,215,229,263,278,287,349,351,374,391,441,467,469,487,508,516,530,541,550,659,698,710,726,727,738,747,772,781,842,855,968,971
0314_01035	14,28,58,62,66,78,112,132,134,141,153,188,220,230,240,245,293,297,315,363,405,417,459,506,508,516,582,615,629,662,689,706,778,786,821,826,948,965,977,994
0314_01038	11,13,14,35,47,73,75,127,134,144,148,214,247,272,278,281,310,347,374,405,420,451,481,503,508,509,515,524,527,547,574,582,614,655,714,730,747,835,839,842,887,897,909,941,968,971,974,988,995,997,1003,1024
0314_01039	8,20,34,35,66,74,76,84,108,134,144,146,182,194,198,199,236,278,281,295,347,351,405,461,476,477,487,503,508,515,516,531,541,549,550,553,580,585,605,609,613,634,647,663,686,721,725,727,730,772,778,789,791,805,822,850,948,968,992,1010
0314_01040	20,23,35,38,101,108,113,117,120,130,134,144,158,192,201,214,229,260,263,274,278,281,287,319,347,348,349,374,417,467,469,487,508,509,515,516,526,541,550,582,624,655,683,698,705,709,726,727,730,738,747,761,772,781,793,812,837,855,863,937,968,969,981,1001,1002
0314_01041	96,119,134,141,146,148,154,200,223,350,405,461,485,487,503,506,547,550,552,558,569,592,596,615,654,662,692,717,786,797,862,867,872,914,955,968
0314_01042	15,20,73,89,129,134,149,170,210,211,215,221,237,245,248,254,260,278,281,314,317,343,391,401,473,492,508,516,524,550,603,621,656,701,727,733,738,747,750,754,772,773,785,787,788,809,870,878,889,900,912,948,955,968,971,997
0314_01043	20,31,68,96,102,134,151,164,165,181,188,207,211,256,294,295,347,395,408,440,449,461,463,481,487,497,502,508,524,544,549,550,596,705,727,802,820,826,910,948,954,955,968,1018
0314_01044	4,13,20,21,39,61,101,134,140,144,153,193,198,200,248,278,307,347,349,354,374,405,408,461,487,508,513,516,539,549,550,559,601,614,651,689,705,727,737,773,778,781,794,874,892,898,948,962,968,977,980,988,994
0314_01045	20,31,55,68,96,101,129,134,144,153,181,182,211,220,223,259,260,266,287,300,334,336,347,367,381,408,426,482,487,500,508,516,517,549,550,600,606,651,696,705,710,718,719,725,727,748,767,769,800,850,945,948,955,968,993
0314_01046	13,20,59,98,109,134,136,144,230,244,278,285,344,347,402,508,515,516,530,549,550,582,590,626,670,684,704,716,727,747,818,838,858,862,948,967,968,1011
0314_01047	11,20,23,35,47,89,101,117,134,144,158,192,201,206,207,211,216,229,243,263,278,287,325,347,349,355,374,467,469,487,508,515,516,517,526,541,550,553,572,573,582,592,612,624,698,702,705,726,727,730,747,766,772,781,793,812,814,855,947,968,1020
0314_01048	4,6,20,32,37,56,134,151,153,154,207,215,233,240,257,270,278,281,286,288,313,347,350,360,391,398,403,436,453,460,462,490,508,515,516,522,549,550,575,595,646,647,667,687,705,706,709,711,727,738,747,749,778,786,800,809,860,872,894,909,916,917,922,929,948,968,971,1009
0314_01049	96,134,138,145,167,199,203,220,245,249,257,307,335,360,386,405,421,481,487,493,508,513,524,541,550,559,603,689,710,728,730,764,839,864,913,948,968,987
0314_01050	4,20,33,44,54,77,101,119,134,140,141,182,220,264,274,330,347,367,428,437,477,504,508,515,549,550,551,555,612,705,709,712,725,727,744,778,789,800,830,846,864,875,892,941,945,948,964,968,1010
0314_01051	75,134,135,144,245,257,274,284,352,391,405,435,468,479,481,493,504,508,524,548,559,570,603,765,768,830,863,864,915,948,977,997,1015
0314_01052	20,28,31,49,50,65,68,74,84,90,96,108,134,146,151,168,188,189,211,220,221,236,257,272,278,300,347,380,405,461,487,505,508,516,531,549,550,553,567,568,599,604,613,671,684,687,727,772,778,822,832,840,868,873,887,916,918,941,948,968,992
0314_01053	20,30,57,146,153,347,362,365,412,486,487,508,510,516,549,555,570,574,614,727,762,775,832,850,928,948,954,994,995,998,1022
0314_01055	20,23,35,47,49,83,101,117,134,136,144,149,158,192,196,201,205,207,211,218,229,230,263,278,287,290,291,344,347,349,351,374,467,469,487,508,515,516,530,541,550,553,575,582,583,592,646,665,698,705,709,712,726,727,730,747,757,772,774,781,855,968,1000,1019
0314_01057	20,26,74,109,134,181,184,220,230,260,278,296,300,347,373,381,410,466,482,487,508,515,516,520,522,530,541,549,550,611,626,673,686,727,771,781,802,821,840,905,911,915,926,948,961,968,970,999,1022
0314_01058	4,20,31,35,46,68,96,116,134,136,144,149,157,176,208,211,260,273,278,291,347,351,358,374,441,446,487,506,508,516,530,541,550,582,591,592,659,726,727,730,747,771,772,812,827,842,855,873,968,1000
0314_01059	20,55,96,134,145,153,209,236,256,259,269,277,290,298,347,411,420,421,429,487,497,505,550,552,564,596,605,653,720,762,763,820,834,835,860,897,898,909,912,948,954,968,994,1019
0314_01060	7,96,110,124,134,227,237,245,272,278,300,302,332,345,400,481,487,497,508,550,605,609,654,714,747,827,879,887,968
0314_01061	25,33,50,53,134,193,207,257,343,347,405,407,516,520,531,549,582,613,671,778,802,848,902,916,918,948
0314_01063	15,20,31,68,74,84,89,90,93,96,108,134,146,151,159,188,211,220,227,236,259,260,278,326,336,342,347,380,405,461,487,505,508,515,516,531,550,553,568,599,604,613,711,722,727,762,772,787,822,832,873,876,887,910,916,918,948,968,988,992,997,1006
0314_01064	8,16,19,20,28,38,55,83,90,101,107,117,132,134,152,153,185,207,249,254,259,260,278,307,313,323,347,383,391,393,405,430,446,450,482,494,508,515,521,544,548,550,561,562,568,580,582,611,613,630,658,686,687,727,728,738,747,762,773,791,802,812,843,863,871,873,925,948,954,968,970,972,979,983,990
0314_01065	20,62,96,134,145,150,153,158,241,270,293,349,362,421,487,508,550,588,593,616,670,707,727,735,748,787,815,844,915,916,919,938,948,952,968,994,1024
0314_01066	17,20,25,66,74,76,84,108,134,146,153,182,188,190,198,199,217,236,278,281,295,305,314,347,351,405,461,476,487,508,515,516,531,541,549,550,553,580,585,605,613,624,634,647,658,669,686,699,721,725,727,772,778,793,822,850,873,904,948,968,992,994
0314_01067	20,28,49,50,65,74,84,90,96,108,112,134,146,153,181,188,189,220,221,236,257,272,278,288,347,377,385,405,408,430,439,461,464,487,500,505,508,516,531,549,550,553,560,567,613,645,671,684,687,705,727,743,747,766,772,778,800,822,873,916,918,941,948,953,968,992
0314_01068	20,58,60,113,130,134,153,172,220,270,275,280,312,332,335,364,374,418,425,457,508,516,532,547,563,584,610,619,720,727,770,773,835,850,870,946,948,983,1010,1019,1022
0314_01069	13,20,28,49,50,65,74,84,108,134,146,151,178,189,202,206,220,236,257,272,277,278,300,347,400,405,446,452,461,472,508,516,525,531,549,553,567,570,613,671,684,687,701,710,727,762,772,773,778,822,840,845,916,941,948,968,992
0314_01070	20,23,25,35,101,104,116,117,134,158,192,201,219,229,260,263,278,287,290,300,349,374,392,467,469,487,508,515,516,517,526,541,550,556,582,611,624,655,698,702,726,727,747,772,778,781,855,883,968
0314_01071	20,110,114,134,144,153,168,259,270,275,278,281,302,330,347,355,393,405,420,474,488,550,553,580,591,603,612,634,670,747,762,815,835,875,891,909,922,938,948,968,1000
0314_01072	20,55,62,72,96,111,112,114,134,144,145,152,153,237,243,259,270,273,323,343,347,421,455,458,476,487,497,505,508,518,530,544,550,560,562,588,604,617,620,640,645,653,663,670,674,697,698,725,727,760,762,770,825,837,844,873,915,948,968,994,1015,1019,1023,1024
0314_01074	20,31,38,68,80,81,96,106,134,181,185,211,223,241,251,300,320,331,337,347,356,367,397,405,408,413,420,437,442,486,487,508,510,515,525,530,548,549,550,571,580,610,618,686,705,727,728,732,733,754,758,807,809,814,835,841,850,862,905,909,911,925,948,960,968
0314_01075	20,37,51,91,96,134,140,141,146,148,197,230,278,300,347,350,405,407,482,487,503,506,508,516,549,550,596,609,615,626,662,696,727,786,797,842,872,875,948,968,970
0314_01076	15,20,78,96,134,139,145,177,186,209,220,249,252,255,277,278,298,348,374,381,421,443,456,461,477,487,508,516,530,550,561,589,593,630,635,659,727,773,777,890,948,968,978,998,1012
0314_01078	20,24,49,59,98,109,134,136,144,230,278,344,421,508,515,516,530,536,550,582,590,599,626,670,716,727,747,818,838,858,948,968,1011
0314_01079	26,32,75,96,101,111,134,139,145,169,245,246,348,353,381,405,409,417,421,442,479,487,494,499,508,516,522,524,530,540,548,550,629,641,684,746,757,759,807,889,915,948,964,967,968,970,1015
0314_01080	1,19,34,96,98,114,134,144,153,155,178,183,209,214,270,274,281,295,347,360,365,366,388,405,430,486,487,493,494,504,550,580,612,616,661,718,725,742,771,780,781,786,791,800,831,842,863,908,914,948,960,968,974,977,1012
0314_01082	15,88,111,131,134,144,153,175,207,214,232,237,270,281,297,413,444,454,493,504,524,550,558,606,646,647,764,773,780,788,802,831,863,934,948,954,968,974,977,985,989,994,1000
0314_01083	20,38,96,109,115,134,144,145,151,153,209,220,223,225,259,260,270,281,295,296,310,321,326,342,343,347,373,377,392,394,405,421,451,487,508,510,511,524,527,550,561,575,595,623,628,635,642,674,686,725,727,729,753,767,776,777,796,823,836,850,863,871,872,897,915,925,944,948,956,968,977,987,1014
0314_01084	15,64,108,119,120,134,138,153,172,175,248,270,275,278,281,298,302,310,362,376,393,405,408,425,453,468,472,508,516,519,524,550,553,580,603,613,657,709,712,747,768,812,815,854,889,891,938,968,989
0314_01085	9,20,49,90,97,98,134,207,220,241,300,330,343,347,350,354,469,490,497,502,508,516,522,540,542,550,559,580,593,596,647,656,686,715,727,739,802,850,909,917,922,948,962,968,970
0314_01086	20,26,96,134,144,146,196,217,264,271,372,376,379,405,425,487,488,508,516,520,550,570,593,596,615,621,651,670,727,773,846,872,930,948,968,975,979,985,998,1011
0314_01087	20,55,61,111,112,243,259,323,347,508,516,570,604,617,645,655,698,727,762,777,787,915,948,957,970,998,1015
0314_01088	4,20,22,61,63,68,114,134,144,177,211,220,282,306,330,336,337,342,347,374,389,408,420,458,487,488,508,515,516,549,550,619,658,670,686,700,705,727,777,778,781,783,797,814,828,874,878,888,890,897,912,937,938,948,968,977
0314_01090	20,31,35,37,68,80,81,96,114,122,134,144,153,201,211,223,241,251,281,300,320,334,337,347,358,367,385,405,417,431,443,453,480,482,487,502,508,549,550,569,589,611,613,686,696,710,719,725,727,730,754,758,781,800,814,850,892,898,937,945,948,968
0314_01091	20,52,62,144,153,240,245,270,287,347,360,413,430,508,513,516,544,557,592,643,655,670,727,739,761,778,830,844,847,872,893,948,970,994
0314_01092	8,20,38,47,96,103,121,130,131,134,153,154,171,192,194,215,243,278,292,300,302,310,319,332,338,347,391,405,419,452,468,487,500,508,514,524,549,550,598,604,623,636,657,666,670,696,710,719,721,722,725,727,734,738,747,800,818,825,862,897,934,945,948,951,968,971,983
0314_01093	18,65,93,102,108,130,134,144,153,214,245,261,270,278,281,293,325,327,331,357,387,405,454,493,504,508,524,550,573,593,596,603,609,620,622,667,691,724,746,747,759,780,810,828,831,863,915,922,948,968,974,977
0314_01094	1,20,62,96,116,124,134,144,145,153,195,196,218,231,249,269,278,283,286,289,296,314,319,332,335,342,347,349,363,379,405,421,437,487,495,501,508,515,520,550,553,556,595,610,662,705,727,747,755,772,778,781,826,836,839,915,921,948,968,987,988,994,1003
0314_01095	1,38,45,46,51,80,83,96,109,134,145,153,161,207,230,256,260,267,292,302,311,338,341,347,356,392,405,417,421,487,511,550,575,580,585,587,605,670,686,727,728,760,800,802,812,871,883,946,948,968,979,990
0314_01096	20,53,61,63,114,134,144,153,220,245,270,281,282,297,306,336,337,374,389,420,458,508,514,515,516,528,550,565,635,670,686,727,748,776,777,783,803,810,814,828,849,874,878,897,912,938,948,968,977,994
0314_01097	81,96,134,136,141,146,148,154,207,350,405,422,438,445,472,487,503,506,550,569,589,596,615,662,720,744,773,786,797,800,867,872,883,891,955,968
0314_01098	15,64,88,134,153,172,175,177,246,252,259,270,275,278,281,298,302,340,393,405,408,420,425,474,496,524,533,550,553,562,580,603,714,747,750,773,777,798,815,835,854,889,891,909,926,938,968,1006
0314_01099	15,51,53,91,118,133,134,138,153,172,200,227,234,259,272,278,323,336,361,364,381,394,395,405,409,425,439,453,461,468,491,497,508,524,549,578,640,651,657,658,686,725,747,773,779,841,849,889,896,945,948,968,989,1023
0314_01100	20,47,55,72,111,112,144,237,259,273,300,307,323,347,458,508,604,617,620,645,670,698,727,762,770,825,873,915,948,1015,1024
0314_01102	13,20,31,35,55,68,96,129,134,144,153,180,191,195,211,214,216,223,252,259,266,281,300,309,318,334,336,347,367,381,482,487,508,509,515,516,517,533,540,549,550,577,590,600,606,644,678,686,696,703,715,719,722,725,727,730,762,767,781,850,897,898,925,945,948,955,968,982,1001
0314_01104	20,58,134,136,140,153,190,207,230,257,278,347,455,483,497,502,505,508,515,516,530,549,550,596,602,636,673,690,705,709,715,727,750,774,800,802,857,888,908,912,948,968,970,994
0314_01105	4,20,38,51,78,83,96,109,134,145,153,161,167,198,227,256,260,267,270,296,347,354,360,418,421,430,487,505,508,511,516,544,550,575,663,727,739,761,800,811,812,871,883,935,943,948,968,970,990,994
0314_01106	8,20,35,68,81,134,144,151,153,156,183,203,208,213,216,218,245,270,281,323,359,374,385,393,405,420,436,470,500,508,516,550,572,585,599,611,613,727,730,756,791,833,835,909,968
0314_01107	15,35,45,49,76,83,114,134,153,207,223,237,240,245,247,249,263,273,308,327,332,340,377,428,439,442,443,453,459,461,467,472,508,515,517,524,537,551,569,603,637,658,669,676,749,752,834,850,865,890,909,964,968,983,989,991,1006,1009,1012,1022
0314_01108	1,12,15,20,26,39,42,62,87,134,144,153,198,237,300,307,326,345,347,381,391,408,413,415,430,443,461,462,487,497,498,499,508,520,539,544,550,556,670,705,719,727,751,759,762,770,778,781,785,806,812,824,825,826,839,861,865,873,915,936,946,948,963,968,973,994,1012,1016
0314_01110	20,57,115,153,206,248,282,339,347,366,383,416,442,487,508,516,549,570,672,713,727,789,915,948,954,983,987,998
0314_01111	15,20,78,89,96,98,114,134,139,145,153,215,221,237,243,268,270,278,281,356,379,381,391,409,421,444,455,473,487,508,516,523,530,539,550,572,595,659,670,727,738,747,771,772,883,904,965,968,971,1011
0314_01113	20,43,96,134,181,190,207,243,334,347,380,402,408,487,502,508,516,520,550,557,563,570,585,606,705,727,781,802,925,948,968,970,979,998,1008,1011
0314_01114	20,96,134,139,145,220,260,381,405,421,451,487,515,516,530,531,550,613,643,648,722,824,880,907,910,916,948,968,971,988,1003,1013
0314_01115	6,15,20,43,63,67,80,96,134,155,223,243,347,380,408,487,508,516,520,545,550,570,577,616,657,705,725,727,739,764,781,855,935,947,948,968,970,998,1011
0314_01116	14,15,20,26,34,57,73,91,134,144,153,220,222,237,240,245,284,316,347,367,426,443,451,461,508,515,520,634,640,652,656,659,674,681,683,685,686,687,718,720,727,767,777,781,784,814,815,841,866,924,939,948,963,968,977,993,994
0314_01117	1,4,15,20,26,35,57,71,84,89,128,134,146,153,168,183,186,188,207,209,220,222,241,245,254,271,284,329,335,347,359,367,381,386,404,408,461,493,505,508,515,520,542,544,549,550,582,597,608,620,650,653,654,662,663,681,686,691,723,727,745,772,802,832,948,968,994
0314_01118	35,66,99,134,138,146,197,207,220,236,245,266,278,305,310,311,374,405,419,427,440,467,481,508,515,516,524,553,560,573,582,600,604,612,630,698,718,747,761,797,809,812,853,870,875,902,948,953,968,977,981,1006
0314_01119	105,107,134,144,181,207,215,245,260,278,319,329,347,356,387,390,391,405,456,459,488,524,526,550,569,626,655,659,687,732,738,747,759,812,852,881,942,948,968,971,977,979,1011
0314_01120	19,57,144,172,173,207,347,390,487,508,527,543,549,550,626,747,830,835,909,948,954
0314_01121	14,16,28,33,58,133,134,153,278,364,390,405,435,468,516,529,531,613,626,648,670,740,747,759,795,814,839,852,874,908,922,948,994,1000,1010
0314_01122	13,20,37,61,75,94,98,134,144,153,220,227,236,278,330,339,362,374,391,394,483,502,508,515,516,560,576,582,685,727,730,747,852,858,897,918,938,939,948,968,977,994
0314_01123	20,22,43,134,154,158,184,220,243,330,347,367,380,413,434,508,515,516,520,570,650,659,686,705,727,785,814,847,889,948,968,970,998,1011,1014
0314_01124	2,15,24,25,26,35,55,62,69,89,92,93,108,120,134,136,153,163,164,176,179,184,194,198,207,215,219,220,230,236,238,245,250,254,260,265,266,268,273,274,285,294,297,301,313,318,327,341,347,353,355,376,382,391,416,425,438,461,466,467,473,474,477,485,492,503,508,521,534,548,549,552,562,563,569,574,583,601,604,626,631,651,655,673,682,697,704,709,719,726,732,756,761,766,767,782,786,795,802,813,819,825,829,830,834,837,840,848,855,869,873,883,884,885,887,897,906,916,917,918,924,933,934,936,945,947,948,964,968,973,974,978,979,984,994
0314_01126	4,20,28,32,42,44,55,76,93,95,96,101,134,145,151,153,259,268,271,278,298,309,347,372,377,394,421,437,446,487,505,508,549,550,564,582,626,671,705,709,727,744,747,778,796,817,821,827,844,892,897,898,925,948,968,984,994,1009
0314_01127	20,38,101,134,138,182,198,257,347,351,369,387,405,408,426,441,458,470,476,487,501,508,515,549,550,556,613,638,659,685,686,705,727,738,778,781,797,816,850,948,963,968,975
0314_01128	20,24,49,85,98,134,136,144,210,220,230,278,335,344,358,367,421,508,515,516,530,536,550,582,599,670,716,727,742,747,819,948,968,977,1011
0314_01129	20,24,38,49,98,107,134,136,144,161,215,217,260,267,278,344,347,391,508,516,530,536,550,599,659,670,727,738,747,812,827,871,873,883,948,968,971,1011
0314_01130	15,20,89,144,170,219,234,237,349,473,492,499,508,516,536,584,587,599,670,727,750,754,772,788,858,870,900,948,1011
0314_01131	4,9,15,20,89,95,138,148,153,160,169,213,221,223,227,259,270,272,298,319,411,453,461,508,516,570,652,655,657,711,772,812,834,945,948,989,998,1004
0314_01133	20,24,49,78,96,98,134,139,144,145,278,381,421,487,508,516,530,536,550,595,599,659,670,727,883,948,968,1011
0314_01134	20,24,35,43,67,68,101,105,122,134,140,144,146,153,158,191,194,196,197,211,214,215,220,236,277,278,298,367,373,374,385,394,409,440,467,472,475,483,487,495,508,515,516,532,550,594,612,631,656,666,684,685,687,709,727,730,741,757,775,779,781,800,802,829,863,883,904,908,913,920,948,968,977,981
0314_01135	20,78,96,134,139,144,145,148,200,230,256,278,304,351,352,381,405,421,452,474,487,508,515,516,530,550,553,580,585,659,673,727,747,772,803,837,856,873,936,968
0314_01136	13,20,60,76,119,134,182,207,210,220,253,261,265,300,332,338,347,367,389,406,407,461,480,485,487,508,525,529,549,550,552,589,595,607,654,670,717,727,781,802,807,832,863,896,898,906,948,968
0314_01137	20,23,35,87,101,117,134,144,149,158,192,201,207,211,214,229,234,263,270,278,287,290,304,305,344,347,349,351,353,374,400,467,469,487,508,509,515,516,530,539,541,550,553,576,582,592,698,726,727,730,744,747,772,781,855,903,907,968
0314_01138	8,15,17,20,26,35,71,101,114,132,134,141,144,150,152,162,176,214,226,230,237,253,259,261,268,281,288,304,316,331,376,386,405,416,478,499,509,516,550,551,589,605,662,671,712,730,741,755,783,825,850,863,899,908,948,949,952,961,968
0314_01140	20,37,70,75,134,136,220,243,260,288,325,347,367,421,441,465,466,508,515,516,520,570,727,775,806,841,915,939,948,968,970,998,1011,1015
0314_01141	14,18,33,51,52,53,66,75,81,134,153,193,207,280,292,336,347,360,399,405,407,430,444,468,508,516,520,531,549,580,613,615,744,778,802,848,863,873,915,917,918,925,948,953,1015
0314_01142	8,15,20,23,25,26,49,69,72,89,90,93,116,119,129,134,163,164,176,207,210,220,230,236,238,245,254,256,259,260,273,274,284,285,310,317,318,347,355,371,383,391,406,410,415,425,431,438,440,441,461,472,473,475,485,492,508,511,512,513,523,533,534,539,540,548,549,550,552,563,569,601,602,604,626,651,673,682,698,704,710,753,758,761,762,767,770,782,786,788,802,819,829,834,836,837,840,848,850,855,878,881,883,884,885,887,906,916,917,918,936,948,964,968,973,1000,1011
0314_01143	20,23,37,74,114,127,134,138,144,153,168,204,207,235,270,275,278,281,302,393,405,453,508,516,545,550,553,570,580,603,657,670,707,747,791,810,815,850,852,891,895,898,915,938,948,968,983,989,994,998
0314_01145	15,62,80,81,87,110,116,119,132,134,153,195,208,220,245,259,272,385,393,398,399,405,426,439,487,508,524,539,550,568,571,585,618,623,624,625,628,642,662,676,725,794,805,806,825,829,843,850,926,948,968
0314_01146	15,20,78,83,96,134,139,145,186,202,220,237,255,278,298,347,374,381,384,421,461,462,465,487,508,516,530,550,552,561,635,659,700,727,764,813,871,948,968,1010,1012,1022
0314_01147	6,20,45,56,94,101,103,113,134,220,278,314,348,362,393,405,456,508,514,515,550,577,580,582,606,615,626,686,688,727,736,747,750,753,773,867,896,948,968,989
0314_01148	4,6,15,20,32,40,42,58,89,115,134,151,182,189,193,201,204,223,245,254,262,267,270,303,328,347,422,431,445,454,456,461,464,477,508,515,534,540,549,550,562,573,612,631,635,636,640,654,691,692,695,705,710,711,728,762,778,794,851,868,870,882,893,908,909,935,938,948,964,968,980,1012
0314_01149	14,25,28,50,51,58,77,134,153,193,207,231,254,257,347,363,375,405,435,466,468,516,531,549,561,582,591,613,671,763,778,796,802,848,916,918,948,994,1000
0314_01150	3,15,35,41,55,70,89,95,110,120,125,134,143,144,146,152,153,192,196,197,211,224,232,237,239,240,244,245,246,252,254,256,260,265,274,279,294,318,341,347,379,383,407,420,421,435,452,457,461,467,494,507,508,509,531,534,540,543,549,555,566,570,573,603,605,607,644,652,658,663,666,670,672,679,696,698,713,716,725,727,744,749,755,767,772,777,794,797,805,813,827,842,846,876,882,886,899,911,914,925,930,948,951,959,964,968,974,983,990,994
0314_01151	20,26,134,144,168,207,287,379,405,425,436,464,488,493,500,504,508,516,520,557,570,605,670,727,773,809,863,898,930,937,948,977,998,1011
0314_01152	20,78,96,115,134,139,145,148,273,278,351,381,395,405,421,450,452,487,508,516,530,547,550,557,659,727,772,773,799,819,839,890,968,992
0314_01153	20,39,63,70,117,134,144,166,220,243,260,261,288,347,367,441,465,466,489,508,515,516,520,530,570,670,727,775,948,968,970,998,1011,1017
0314_01154	8,14,20,35,62,96,134,144,145,148,153,187,193,207,218,252,254,260,261,263,270,281,311,347,376,421,435,467,487,508,515,516,550,575,588,606,727,730,759,791,812,814,821,834,840,862,889,912,917,924,948,968,975,977,979,981,987,994
0314_01155	4,20,86,96,114,126,134,141,145,207,215,246,248,249,253,322,335,345,347,421,467,487,497,502,508,515,516,521,523,549,550,596,605,643,665,705,709,715,727,778,802,806,816,868,892,936,948,968,970,987,1006,1010
0314_01156	1,12,15,20,26,42,43,87,134,198,243,326,347,380,408,413,461,487,498,499,508,516,520,532,539,550,570,705,719,727,759,781,782,785,812,824,839,861,946,948,963,968,970,973,998,1011,1012
0314_01157	20,65,68,134,145,176,192,204,208,220,244,259,278,283,286,291,305,310,358,367,368,374,387,391,401,405,434,444,454,486,487,502,508,513,515,516,524,537,550,570,577,580,582,585,603,605,620,652,658,688,696,725,726,727,734,741,747,771,783,788,789,830,863,903,917,918,927,948,968,977,986,998
0314_01158	15,26,70,96,134,153,161,172,245,278,291,358,367,393,421,461,484,487,492,499,508,511,524,550,582,634,696,719,724,747,753,757,812,815,866,889,945,948,968,992,1009,1022
0314_01159	15,89,96,134,139,145,203,220,221,222,260,381,387,405,419,421,451,487,496,515,516,530,531,546,550,589,613,648,772,824,880,907,916,932,948,958,968,971,988,999,1003,1013
0314_01160	20,26,74,78,96,109,134,139,145,153,184,230,260,278,321,347,381,410,421,434,466,487,505,508,515,516,520,530,544,550,611,659,663,673,723,727,781,821,830,840,866,905,913,915,926,948,961,968,970,994
0314_01161	20,115,153,186,220,248,256,339,347,366,416,442,487,508,516,549,570,727,748,769,795,820,915,948,954,957,979,983,998
0314_01162	12,20,26,84,134,144,146,153,207,217,236,249,293,305,379,405,425,464,488,493,508,516,520,537,570,595,614,622,670,727,744,773,793,809,828,885,930,948,994,998,1011
0314_01164	8,35,41,95,126,134,138,144,196,206,214,278,281,304,330,345,355,393,398,405,417,453,502,508,509,515,516,580,582,604,611,621,640,643,653,655,657,730,738,747,759,768,790,791,793,819,824,853,946,968,983,989,992,998
0314_01165	30,35,48,86,96,121,134,139,146,158,183,196,219,220,236,263,267,285,310,338,405,421,425,452,461,467,487,488,502,508,516,519,524,530,550,566,615,657,666,698,745,762,781,794,809,815,840,905,909,948,950,968,992
0314_01166	20,24,35,49,98,134,144,214,230,278,281,309,373,381,410,421,487,508,509,515,516,530,536,550,591,599,648,670,678,727,730,781,883,923,948,968,1001,1011
0314_01167	2,15,20,31,35,38,55,68,76,80,96,122,129,134,143,147,181,211,214,244,250,253,259,270,278,290,291,297,298,330,347,358,365,366,405,408,410,420,442,447,452,461,467,486,487,504,517,544,547,549,550,580,582,603,606,626,641,642,675,705,733,735,738,747,761,866,889,936,948,960,968,980,1000,1012
0314_01168	35,96,97,116,134,144,153,158,214,216,236,243,263,319,360,368,373,387,399,405,420,467,487,488,497,500,503,524,550,626,641,673,677,689,702,710,732,759,786,791,834,863,900,924,956,968,975,1013
0314_01169	20,34,63,96,114,134,144,145,215,260,278,282,297,298,306,336,337,368,372,374,389,391,420,421,422,487,508,514,516,550,635,670,727,738,747,748,803,810,828,897,898,938,948,968,971,977
0314_01170	20,66,74,79,84,108,118,134,146,151,182,199,236,278,300,306,310,316,347,351,372,405,418,451,454,459,461,476,485,490,495,508,515,516,517,524,526,531,549,553,613,634,661,686,721,727,747,753,772,778,814,822,840,850,948,966,968,992
0314_01172	13,20,98,134,136,144,217,244,256,276,278,285,347,402,508,516,530,549,550,659,670,704,719,727,789,805,830,862,874,948,967,968,996,1011
0314_01189	15,20,26,44,58,60,77,89,94,136,153,161,173,175,207,222,229,231,243,244,261,276,285,318,330,332,343,382,401,453,480,492,499,508,530,605,609,618,626,655,670,677,686,690,726,727,746,752,758,762,769,772,795,802,806,818,836,883,922,933,936,941,948,957,964,971,983,1009
0314_01190	15,17,20,21,26,60,89,94,95,153,207,222,228,231,237,261,270,285,288,300,316,330,343,470,480,492,494,499,508,530,553,554,586,594,618,626,633,655,670,677,688,690,707,719,726,727,752,758,762,772,795,802,806,807,818,861,882,916,917,918,936,948,961,964
0314_01191	15,17,20,21,26,60,89,94,95,153,207,222,228,231,237,261,270,285,288,300,316,330,343,470,480,492,494,499,508,530,553,554,586,594,618,626,633,655,670,677,688,690,707,719,726,727,752,758,762,772,795,802,806,807,818,861,882,916,917,918,936,948,961,964
0314_01192	15,17,20,21,26,60,89,94,95,153,207,222,228,231,237,261,270,285,288,300,316,330,343,470,480,492,494,499,508,530,553,554,586,594,618,626,633,655,670,677,688,690,707,719,726,727,752,758,762,772,795,802,806,807,818,861,882,916,917,918,936,948,961,964
0314_01193	15,20,26,44,58,60,77,89,94,136,153,161,173,175,207,222,229,231,243,244,261,276,285,318,330,332,343,382,401,453,480,492,499,508,530,605,609,618,626,655,670,677,686,690,726,727,746,752,758,762,769,772,795,802,806,818,836,883,922,933,936,941,948,957,964,971,983,1009
0314_01194	15,20,26,44,58,60,77,89,94,136,153,161,173,175,207,222,229,231,243,244,261,276,285,318,330,332,343,382,401,453,480,492,499,508,530,605,609,618,626,655,670,677,686,690,726,727,746,752,758,762,769,772,795,802,806,818,836,883,922,933,936,941,948,957,964,971,983,1009
0314_01196	15,20,26,60,89,94,128,153,159,207,222,231,244,270,278,285,288,331,343,366,371,401,414,417,439,453,470,480,492,494,499,501,508,516,530,566,567,584,586,605,609,618,621,626,637,641,655,659,670,688,690,692,698,726,727,746,762,772,795,802,806,818,851,871,884,927,936,948,949,952,961,964,1022
0314_01198	15,17,20,26,60,89,94,110,119,128,153,159,207,220,222,228,231,270,278,285,288,331,337,343,366,371,439,459,470,480,492,494,499,501,508,516,526,530,553,566,567,584,586,618,619,621,623,626,630,637,650,655,670,688,690,698,726,727,762,765,772,795,802,806,818,836,871,927,936,948,961,964
0314_01200	15,20,26,44,60,89,94,128,153,159,161,207,222,229,231,243,244,270,278,285,343,366,371,379,401,414,417,439,453,480,489,492,499,501,508,516,530,566,584,605,609,613,618,621,623,626,655,659,670,674,686,690,726,727,758,762,769,772,793,795,802,806,818,851,871,873,883,927,936,948,949,952,964,971,983,1009,1022
0314_01205	15,20,21,26,45,58,60,80,89,92,95,99,146,153,159,207,216,222,231,236,237,243,244,270,285,288,314,332,343,360,366,371,382,388,401,453,470,479,480,492,494,497,499,508,516,530,586,605,609,618,621,626,633,655,670,688,690,691,726,727,746,758,762,772,795,802,806,808,818,836,933,936,948,961,964,970,983
0314_01207	15,20,21,26,45,58,60,80,89,92,95,99,146,153,159,207,216,222,231,236,237,243,244,270,285,288,314,332,343,360,366,371,382,388,401,453,470,479,480,492,494,497,499,508,516,530,586,605,609,618,621,626,633,655,670,688,690,691,726,727,746,758,762,772,795,802,806,808,818,836,933,936,948,961,964,970,983
0314_01218	44,116,134,138,146,158,172,235,236,300,369,414,422,487,508,550,594,708,715,790,810,813,843,852,917,948,960,968
0314_01219	1,44,116,134,138,146,153,172,223,235,236,288,295,414,422,460,487,508,534,550,655,715,721,810,843,852,934,948,950,960,968,994,1020
0314_01221	5,29,44,62,116,134,138,146,153,172,235,236,245,288,414,422,460,487,493,508,540,550,571,614,644,715,721,778,810,826,843,852,934,948,950,960,961,968,994
0314_01222	5,19,29,44,47,62,116,134,138,146,153,172,235,236,245,283,288,299,414,422,460,487,508,550,571,644,715,721,778,810,826,843,852,931,934,948,950,960,961,968,994
0314_01223	5,29,44,62,116,134,138,146,153,172,178,235,236,245,283,288,299,414,422,460,487,508,550,556,566,571,644,715,721,755,778,810,826,843,852,931,934,948,950,960,961,968,994
0314_01224	5,29,44,62,116,134,138,146,153,172,235,236,245,283,288,299,414,422,460,487,508,550,556,566,571,644,715,721,753,755,778,781,810,826,843,852,931,934,948,950,960,961,968,994
0314_01225	5,29,44,62,116,134,138,146,153,172,235,236,245,283,288,299,414,422,460,487,508,550,556,566,571,644,662,715,721,753,755,778,781,810,826,843,852,931,934,948,950,960,961,968,994
0314_01226	5,29,44,62,116,134,138,146,153,172,235,236,245,283,288,299,414,422,460,487,508,550,556,566,571,644,662,715,721,753,755,778,781,810,826,843,852,931,934,948,950,960,961,968,994
0314_01227	5,29,44,62,116,134,138,146,153,172,235,236,245,283,288,299,414,422,460,487,508,550,556,566,571,644,662,715,721,753,755,778,781,810,826,843,852,931,934,948,950,960,961,968,994
0314_01228	5,29,44,62,116,134,138,146,153,172,235,236,245,283,288,299,414,422,460,487,508,550,556,566,571,644,662,715,721,753,755,778,781,810,826,843,852,931,934,948,950,960,961,968,994
0314_01229	5,29,44,62,116,134,138,146,153,172,235,236,245,283,288,299,414,422,460,487,508,550,556,566,571,644,662,715,721,753,755,778,781,810,826,843,852,931,934,948,950,960,961,968,994
0314_01230	5,29,44,62,116,134,138,146,153,172,235,236,245,283,288,299,414,422,460,487,508,550,556,566,571,644,662,715,721,753,755,778,781,810,826,843,852,931,934,948,950,960,961,968,994
0314_01231	5,29,44,62,116,134,138,146,153,172,235,236,245,283,288,299,414,422,460,487,508,550,556,566,571,644,662,715,721,753,755,778,781,810,826,843,852,931,934,948,950,960,961,968,994
0314_01232	5,29,44,62,116,134,138,146,153,172,235,236,245,283,288,299,414,422,460,487,508,550,556,566,571,644,662,715,721,753,755,778,781,810,826,843,852,931,934,948,950,960,961,968,994
0314_01233	5,29,44,62,116,134,138,146,153,172,235,236,245,283,288,299,414,422,460,487,508,550,556,566,571,644,662,715,721,753,755,778,781,810,826,843,852,931,934,948,950,960,961,968,994
0314_01234	5,29,44,62,116,134,138,146,153,172,235,236,245,283,288,299,414,422,460,487,508,550,556,566,571,644,662,715,721,753,755,778,781,810,826,843,852,931,934,948,950,960,961,968,994
0314_01235	5,29,44,62,116,134,138,146,153,172,235,236,245,283,288,299,414,422,460,487,508,550,556,566,571,644,662,715,721,753,755,778,781,810,826,843,852,931,934,948,950,960,961,968,994
0314_01236	5,29,44,62,116,134,138,146,153,172,235,236,245,283,288,299,414,422,460,487,508,550,556,566,571,644,662,715,721,753,755,778,781,810,826,843,852,931,934,948,950,960,961,968,994
0314_01237	5,29,44,62,116,134,138,146,153,172,235,236,245,283,288,299,414,422,460,487,508,550,556,566,571,644,662,715,721,753,755,778,781,810,826,843,852,931,934,948,950,960,961,968,994
