id	TAE0	TAE1	TAE2	TAE3	TAE4	TAE5	TAE6	TAE7	TAE8	TAE9	TAE10	TAE11	TAE12	TAE13	TAE14	TAE15	TAE16	TAE17	TAE18	TAE19	TAE20	TAE21	TAE22	TAE23	TAE24	TAE25	TAE26	TAE27	TAE28	TAE29	TAE30	TAE31	TAE32	TAE33	TAE34	TAE35	TAE36	TAE37	TAE38	TAE39	TAE40	TAE41	TAE42	TAE43	TAE44	TAE45	TAE46	TAE47	TAE48	TAE49	TAE50	TAE51	TAE52	TAE53	TAE54	TAE55	TAE56	TAE57	TAE58	TAE59	TAE60	TAE61	TAE62	TAE63	TAE64	TAE65	TAE66	TAE67	TAE68	TAE69	TAE70	TAE71	TAE72	TAE73	TAE74	TAE75	TAE76	TAE77	TAE78	TAE79	TAE80	TAE81	TAE82	TAE83	TAE84	TAE85	TAE86	TAE87	TAE88	TAE89	TAE90	TAE91	TAE92	TAE93	TAE94	TAE95	TAE96	TAE97	TAE98	TAE99	TAE100	TAE101	TAE102	TAE103	TAE104	TAE105	TAE106	TAE107	TAE108	TAE109	TAE110	TAE111	TAE112	TAE113	TAE114	TAE115	TAE116	TAE117	TAE118	TAE119	TAE120	TAE121	TAE122	TAE123	TAE124	TAE125	TAE126	TAE127	TAE128	TAE129	TAE130	TAE131	TAE132	TAE133	TAE134	TAE135	TAE136	TAE137	TAE138	TAE139	TAE140	TAE141	TAE142	TAE143	TAE144	TAE145	TAE146	nA	nR	nN	nD	nC	nF	nQ	nE	nG	nH	nI	nP	nL	nK	nM	nS	nT	nY	nV	nW	Wlambda1.unity	Wlambda2.unity	Wlambda3.unity	Wnu1.unity	Wnu2.unity	Wgamma1.unity	Wgamma2.unity	Wgamma3.unity	Weta1.unity	Weta2.unity	Weta3.unity	WT.unity	WA.unity	WV.unity	WK.unity	WG.unity	WD.unity	BCUTw.1l	BCUTw.1h	BCUTc.1l	BCUTc.1h	BCUTp.1l	BCUTp.1h	Fsp3	XLogP	MW	LipinskiFailures	nRotB	MLogP	nAtomLAC	nAtomP	nAtomLC	nB	nBase	nAtom	nAromBond	naAromAtom	ALogP	ALogp2	AMR	nAcid	nSmallRings	nAromRings	nRingBlocks	nAromBlocks	nRings3	nRings4	nRings5	nRings6	nRings7	nRings8	nRings9	tpsaEfficiency	Zagreb	WPATH	WPOL	WTPT.1	WTPT.2	WTPT.3	WTPT.4	WTPT.5	VAdjMat	VABC	TopoPSA	topoShape	geomShape	PetitjeanNumber	MDEC.11	MDEC.12	MDEC.13	MDEC.14	MDEC.22	MDEC.23	MDEC.24	MDEC.33	MDEC.34	MDEC.44	MDEO.11	MDEO.12	MDEO.22	MDEN.11	MDEN.12	MDEN.13	MDEN.22	MDEN.23	MDEN.33	khs.sLi	khs.ssBe	khs.ssssBe	khs.ssBH	khs.sssB	khs.ssssB	khs.sCH3	khs.dCH2	khs.ssCH2	khs.tCH	khs.dsCH	khs.aaCH	khs.sssCH	khs.ddC	khs.tsC	khs.dssC	khs.aasC	khs.aaaC	khs.ssssC	khs.sNH3	khs.sNH2	khs.ssNH2	khs.dNH	khs.ssNH	khs.aaNH	khs.tN	khs.sssNH	khs.dsN	khs.aaN	khs.sssN	khs.ddsN	khs.aasN	khs.ssssN	khs.sOH	khs.dO	khs.ssO	khs.aaO	khs.sF	khs.sSiH3	khs.ssSiH2	khs.sssSiH	khs.ssssSi	khs.sPH2	khs.ssPH	khs.sssP	khs.dsssP	khs.sssssP	khs.sSH	khs.dS	khs.ssS	khs.aaS	khs.dssS	khs.ddssS	khs.sCl	khs.sGeH3	khs.ssGeH2	khs.sssGeH	khs.ssssGe	khs.sAsH2	khs.ssAsH	khs.sssAs	khs.sssdAs	khs.sssssAs	khs.sSeH	khs.dSe	khs.ssSe	khs.aaSe	khs.dssSe	khs.ddssSe	khs.sBr	khs.sSnH3	khs.ssSnH2	khs.sssSnH	khs.ssssSn	khs.sI	khs.sPbH3	khs.ssPbH2	khs.sssPbH	khs.ssssPb	Kier1	Kier2	Kier3	HybRatio	fragC	FMF	ECCEN	SP.0	SP.1	SP.2	SP.3	SP.4	SP.5	SP.6	SP.7	VP.0	VP.1	VP.2	VP.3	VP.4	VP.5	VP.6	VP.7	SPC.4	SPC.5	SPC.6	VPC.4	VPC.5	VPC.6	SC.3	SC.4	SC.5	SC.6	VC.3	VC.4	VC.5	VC.6	SCH.3	SCH.4	SCH.5	SCH.6	SCH.7	VCH.3	VCH.4	VCH.5	VCH.6	VCH.7	C1SP1	C2SP1	C1SP2	C2SP2	C3SP2	C1SP3	C2SP3	C3SP3	C4SP3	ATSp1	ATSp2	ATSp3	ATSp4	ATSp5	ATSm1	ATSm2	ATSm3	ATSm4	ATSm5	ATSc1	ATSc2	ATSc3	ATSc4	ATSc5	nHBDon	nHBAcc	PPSA.1	PPSA.2	PPSA.3	PNSA.1	PNSA.2	PNSA.3	DPSA.1	DPSA.2	DPSA.3	FPSA.1	FPSA.2	FPSA.3	FNSA.1	FNSA.2	FNSA.3	WPSA.1	WPSA.2	WPSA.3	WNSA.1	WNSA.2	WNSA.3	RPCG	RNCG	RPCS	RNCS	THSA	TPSA	RHSA	RPSA	bpol	apol	MOMI.X	MOMI.Y	MOMI.Z	MOMI.XY	MOMI.XZ	MOMI.YZ	MOMI.R	LOBMAX	LOBMIN	GRAV.1	GRAV.2	GRAV.3	GRAVH.1	GRAVH.2	GRAVH.3	GRAV.4	GRAV.5	GRAV.6
0246_00004																																																																																																																																																				0	0	0	0	0	0	0	0	0	0	0	0	0	0	0	0	0	0	0	0																		11.742412775488445	16.010186669678085	-0.4213440121771447	0.37734403134593353	3.8919030523300253	12.840953642937444	0.9583333333333334	5.7559999999999985	392.572911386221	1	4	3.6599999999999997		2	15	31	0	68	0	0	4.056799999999995	16.457626239999957	109.1956	1	4	0	1	0	0	0	1	3	0	0	0	0.19821935996493653	160	1901	57	57.048366181106914	2.0374416493252467	9.881769100995328	9.881769100995328	0	5.954196310386876		77.76	1		0.5	0.520020955762976	6.644929333312817	6.949060755165436	2.112473971090738	10.739942760971246	25.596044524726818	6.290291670756787	9.763685728496458	6.908518168455544	0.25	0.7841369378620654	0	0	0	0	0	0	0	0	0	0	0	0	0	0	3	0	10	0	0	0	8	0	0	1	0	0	2	0	0	0	0	0	0	0	0	0	0	0	0	0	0	3	1	0	0	0	0	0	0	0	0	0	0	0	0	0	0	0	0	0	0	0	0	0	0	0	0	0	0	0	0	0	0	0	0	0	0	0	0	0	0	0	0	0	0	0	0	21.240374609781476	7.601832569762599	3.3525094227335845	0.9583333333333334	4285.04	0.6071428571428571	618	20.26722023457211	13.174411604617962	13.171581756237732	11.466622076041944	9.571683714608989	8.314899130804026	5.9245760677336206	4.577546174077757	17.93975904234622	11.754444350465102	11.296200311141263	10.316808654585062	8.712491440829606	7.0857227049426355	5.195915754630255	3.9838048849987957	7.651442510279255	12.87152112212384	21.062236811028786	6.657712211105776	11.522208723817158	17.783130687081908	3.059714684257983	0.21407617506269555	1.2778431760034685	0.25364688940716357	2.443603374195274	0.21407617506269555	1.1099378201754309	0.21603453863569563	0	0	0.08333333333333333	0.3739926982280069	1.001671947753726	0	0	0.08333333333333333	0.3739926982280069	0.9207872473599497	0	0	1	0	0	3	12	6	2	2486.214359294495	3106.293439258381	4926.681294956688	5479.5112587029635	4798.945111583956	31.097876142163784	32.328367908530254	51.76702089833633	59.65673581706051	55.98882779419308	0.34240524165762254	-0.1411517607809036	-0.022472679403921062	-0.00606050041672299	0.008138482098459278	3	4																														44.68627999999999	72.11971999999996																		
0246_00006																																																																																																																																																				0	0	0	0	0	0	0	0	0	0	0	0	0	0	0	0	0	0	0	0																		11.715735871537559	16.006096333851495	-0.4203884113870603	0.32296543498278296	4.814433632099787	12.736120914294009	0.8888888888888888	8.425999999999998	400.6380722367494	1	5	4.21		4	16	32	0	73	0	0	6.3021999999999965	39.71772483999995	121.2321	0	4	0	1	0	0	0	1	3	0	0	0	0.09317217072355992	164	2172	57	59.0451816433049	2.0360407463208587	5.137158643507943	5.137158643507943	0	6		37.3	0.875		0.4666666666666667	1.546971742764065	10.2156141664568	8.879666563794578	2.2422597680429632	12.47671051028259	26.322889742165366	6.79631961154081	9.62798477642589	6.396422271550294	0.25	0.16666666666666669	0	0	0	0	0	0	0	0	0	0	0	0	0	0	5	0	10	0	1	0	7	0	0	2	0	0	2	0	0	0	0	0	0	0	0	0	0	0	0	0	0	1	1	0	0	0	0	0	0	0	0	0	0	0	0	0	0	0	0	0	0	0	0	0	0	0	0	0	0	0	0	0	0	0	0	0	0	0	0	0	0	0	0	0	0	0	0	22.203125	8.1648	3.7548105534616147	0.8888888888888888	4964.02	0.5862068965517241	690	20.974327015758657	13.664374903485893	13.615985197936007	11.489610360356938	9.875909088634735	8.306956129416614	6.261245371707058	4.608109404131802	19.545331851346305	12.58478615401164	12.145535441689832	10.185113661379514	8.551001219008871	6.674560390371165	5.085656537949216	3.738950208884838	7.322230109770483	12.589105972735716	20.165448375003237	6.36742535856459	10.810427897432618	16.072870643882467	3.162862189508074	0.23570226039551587	1.0832508571745267	0.2032631323962854	2.719486281622237	0.2199132028137237	0.952698227444174	0.17955837819827095	0	0	0.08333333333333333	0.38480574089441705	0.9701899368714091	0	0	0.08333333333333333	0.356701548425959	0.8258663085315259	0	0	0	2	1	5	11	6	2	2648.5645082739393	3269.5474125394903	5107.537039879887	5609.018068513226	5002.527980409375	30.548938071081892	32.66418395426513	51.328367908530254	58.66045988566282	56.324643839927944	0.20175774316035439	-0.057074324207668226	-0.050367271397313215	0.0335277001950636	0.006970540804521138	1	2																														49.05910799999999	78.46289199999997																		
0246_00008																																																																																																																																																				0	0	0	0	0	0	0	0	0	0	0	0	0	0	0	0	0	0	0	0																		11.742301278483758	16.010427820957972	-0.42142836061441485	0.3773964591551916	3.8928311231300325	12.901404284335827	0.9583333333333334	4.093	408.57231631379034	0	4	3.55		2	15	32	0	69	0	0	2.8873999999999946	8.337078759999969	110.78750000000001	1	4	0	1	0	0	0	1	3	0	0	0	0.24000240534383332	166	2045	60	58.87670877629486	2.030231337113616	12.47503849566612	12.47503849566612	0	6		97.99000000000001	1		0.5	0.520020955762976	5.9898171353189955	7.595417607874975	2.112473971090738	8.246189112526022	25.17624369734026	5.6248257797278844	12.707327252599493	7.568660575021997	0.25	1.300511351021694	0	0	0	0	0	0	0	0	0	0	0	0	0	0	3	0	9	0	0	0	9	0	0	1	0	0	2	0	0	0	0	0	0	0	0	0	0	0	0	0	0	4	1	0	0	0	0	0	0	0	0	0	0	0	0	0	0	0	0	0	0	0	0	0	0	0	0	0	0	0	0	0	0	0	0	0	0	0	0	0	0	0	0	0	0	0	0	22.203125	7.8477508650519034	3.4565376186997807	0.9583333333333334	4372.05	0.5862068965517241	637	21.13746372257519	13.58509520714092	13.720713290305055	11.827108913673092	9.957329243755831	8.879363089103157	6.3542916892305925	4.678544169166663	18.257216125849258	11.845976573545597	11.435395605746429	10.334234900864663	8.684026203798128	7.1440377658737075	5.157925905398564	3.874297225715923	8.043544742816746	13.554616923921486	23.027874628632162	6.762719627403341	11.576456829974688	18.169769033973605	3.270445292276656	0.21407617506269555	1.3387529714022082	0.25364688940716357	2.5240409771573766	0.21407617506269555	1.1274166138886474	0.2160345386356956	0	0	0.08333333333333333	0.36516388586145737	0.9969605586833484	0	0	0.08333333333333333	0.36516388586145737	0.8943603574468105	0	0	1	0	0	3	12	6	2	2564.7036944889705	3219.4818348012386	5145.058030026681	5799.378491095326	5223.859443942542	32.87234517770473	33.660459885662824	54.431204852601454	63.6530117484582	62.64928767985589	0.41774265424393087	-0.16462613879615354	-0.029250047900131245	0.014413270554458553	0.025673773273591542	4	5																														44.686279999999996	72.92171999999997																		
0246_00009																																																																																																																																																				0	0	0	0	0	0	0	0	0	0	0	0	0	0	0	0	0	0	0	0																		11.7151517682622	16.003892540043275	-0.42088267045927097	0.3079610704670713	5.235366990897814	12.807483886137726	0.9259259259259259	6.041	414.6215956566672	1	0	4.1		2	16	35	0	72	0	0	4.633999999999997	21.47395599999997	120.2643	0	6	0	1	0	0	0	2	4	0	0	0	0.09338341558947898	186	2253	66	62.92053247997733	2.097351082665911	8.82024262440055	8.82024262440055	0	6.129283016944966		38.69	0.875		0.4666666666666667	0.8660254037844388	8.465147795413111	7.913700407082503	3.1232523821488445	11.934338499056201	25.99189403863131	9.188718498033648	9.444379950814424	8.762961839759623	0.6850067105944414	0	0.18257418583505536	0.4999999999999999	0	0	0	0	0	0	0	0	0	0	0	0	4	0	10	0	1	0	8	0	0	1	0	0	3	0	0	0	0	0	0	0	0	0	0	0	0	0	0	1	0	2	0	0	0	0	0	0	0	0	0	0	0	0	0	0	0	0	0	0	0	0	0	0	0	0	0	0	0	0	0	0	0	0	0	0	0	0	0	0	0	0	0	0	0	20.59591836734694	6.758620689655173	2.7334710743801653	0.9259259259259259	5059.03	0.8333333333333334	755	20.888540578131753	14.267257961945138	14.640234967371253	13.634973946704694	11.96451255318451	10.656571744915691	8.188387351863977	6.44449920946821	19.530930410999797	12.960682296435865	12.673638635614981	11.344861500519116	9.659007992224845	8.007072123867474	6.068638579395664	4.607461052120388	8.96853707159691	15.849405495266343	25.562070678688414	7.115379744467288	12.325762091656784	18.852271407500517	3.518352810414205	0.3377643330114816	1.248626183163064	0.25335988512861485	2.844509754332614	0.2539338936857123	1.0151726331062587	0.1903714208646811	0	0	0.13608276348795434	0.7165528802666454	1.7405378545408454	0	0	0.10732509180989647	0.5278486464970935	1.2122792425754503	0	0	0	1	1	5	12	6	2	2865.8136054805605	3650.6572420308125	5990.924241098998	6515.1232995963965	5512.60314101401	32.32340710662284	36.66045988566282	61.763296829734024	69.98510372559076	59.65673581706051	0.386852615786116	-0.20057342766907596	0.052372096605424974	-0.06278637145077642	0.01864840924126348	1	3																														49.74669399999999	77.93130599999996																		
0246_00010																																																																																																																																																				0	0	0	0	0	0	0	0	0	0	0	0	0	0	0	0	0	0	0	0																		11.715735869712075	16.01056648210477	-0.42040481769300153	0.38305068734521036	4.063615316258802	12.742175254025414	0.8518518518518519	6.337	430.6210005842365	1	6	3.9899999999999998		4	17	34	0	73	0	0	5.209699999999998	27.14097408999998	122.9234	1	4	0	1	0	0	0	1	3	0	0	0	0.17336406999033263	174	2706	61	62.87057421500978	2.028083039193864	9.880233736375018	9.880233736375018	0	6.08746284125034		74.6	1		0.5	0.8660254037844388	8.744211491715715	8.3483359519986	2.1245097738940237	12.47671051028259	27.46407166431926	6.79631961154081	10.641530522222935	6.34313009810265	0.25	0.6873648184993013	0	0	0	0	0	0	0	0	0	0	0	0	0	0	4	0	10	0	1	0	7	0	0	3	0	0	2	0	0	0	0	0	0	0	0	0	0	0	0	0	0	2	2	0	0	0	0	0	0	0	0	0	0	0	0	0	0	0	0	0	0	0	0	0	0	0	0	0	0	0	0	0	0	0	0	0	0	0	0	0	0	0	0	0	0	0	0	24.134948096885815	8.98184407262371	4.181333333333333	0.8518518518518519	4846.04	0.5483870967741935	791	22.551677284948283	14.575058506008855	14.443439167867657	12.505673079886494	10.122969406933898	8.492848641358345	6.318760715063176	4.788046007257875	19.900793737310124	12.723841962398739	11.990973829851951	10.46234709540431	8.572414433928573	6.702945038397713	5.043118857029323	3.777395581658723	8.24066175636221	13.002832957701534	20.6358586838094	6.48768064481251	10.85819342618704	16.146241505556258	3.32364949277306	0.23570226039551587	1.3189531175700424	0.2032631323962854	2.568066764059778	0.2199132028137237	0.9899660270691703	0.17955837819827097	0	0	0.08333333333333333	0.38480574089441705	0.9701899368714092	0	0	0.08333333333333333	0.35670154842595897	0.8258663085315258	0	0	1	2	1	4	11	6	2	2707.236194020691	3345.097449323824	5219.593281178716	5750.671732745752	5097.3667737908045	34.097876142163784	35.328367908530254	55.76702089833633	63.98882779419307	58.98882779419307	0.3917797586938429	-0.15206511375465942	-0.04153844211096171	0.024914659220947395	0.0067411566836196495	2	4																														47.83069399999999	78.73330599999997																		
0246_00011																																																																																																																																																				0	0	0	0	0	0	0	0	1	0	0	0	0	0	0	0	0	0	0	0																		11.742419745995097	16.01085033622153	-0.42164523625680583	0.39347522695009246	3.7001033370629717	12.723362829257493	0.9230769230769231	3.1839999999999997	449.6243135758797	0	7	3.66		3	18	35	0	75	0	0	3.262499999999999	10.643906249999992	122.22610000000002	1	4	0	1	0	0	0	1	3	0	0	0	0.23782915856615552	178	3011	61	64.8664685945309	2.0270771435790906	15.320717450861762	12.402994043151445	2.917723407710324	6.129283016944966		106.86000000000001	0.8888888888888888		0.47058823529411764	0.520020955762976	7.148320307321768	6.817322820082089	2.112473971090738	11.670915781671974	27.10660408548349	6.63239280118565	10.456701293274957	6.364459545808115	0.25	1.1716465450689586	0	0	0	0	0	0	0	0	0	0	0	0	0	0	3	0	11	0	0	0	8	0	0	2	0	0	2	0	0	0	0	1	0	0	0	0	0	0	0	0	0	3	2	0	0	0	0	0	0	0	0	0	0	0	0	0	0	0	0	0	0	0	0	0	0	0	0	0	0	0	0	0	0	0	0	0	0	0	0	0	0	0	0	0	0	0	0	25.103673469387754	9.567901234567902	4.64	0.9230769230769231	5092.06	0.53125	868	23.25878406613483	15.058221753603247	14.944953792054893	12.400293962879898	10.337432598434619	9.043742846692444	6.316324322643263	4.8123906000348375	20.05511411399663	12.905638575751512	12.139093642937429	10.67926501093741	8.998009062986979	7.304672317697739	5.361056333994838	4.114745275353905	7.730478400234345	12.91006223653055	20.982850555488305	6.6758289730390254	11.549973859505773	17.682009456347583	3.451537324102887	0.23570226039551587	1.0832508571745267	0.2032631323962854	2.6014637103519025	0.23570226039551587	1.0398198554890035	0.2032631323962854	0	0	0.08333333333333333	0.38480574089441705	0.9701899368714092	0	0	0.08333333333333333	0.38480574089441705	0.9159011847645051	0	0	2	0	0	4	12	6	2	2685.808596733653	3320.1916874784674	5180.795962217278	5704.512479774459	5107.382035749763	36.23232547898121	36.99282375202371	57.9849383388964	64.59774896724161	61.819193681638644	0.5389503240374559	-0.22179581560256262	-0.059784260160217234	0.09833623364397535	-0.14121362795471212	4	6																														49.58390099999999	79.54209899999996																		
0246_00012																																																																																																																																																				0	0	0	0	0	0	0	0	0	0	0	0	0	0	0	0	0	0	0	0																		11.742300821858434	31.978849383775724	-0.4217630071519745	0.4499511801977583	4.9320449739889245	12.965290440365019	0.9615384615384616	2.7709999999999995	515.705089931708	1	8	3.33		3	19	38	0	80	0	0	1.5264999999999964	2.330202249999989	132.4403	1	4	0	1	0	0	0	1	3	0	0	0	0.2960265179028612	196	3903	67	70.46792173232531	2.0133691923521515	23.43549731944367	17.28154361869302	2.9488060328205736	6.247927513443585		152.54	1		0.5	0.520020955762976	6.479377441272384	7.595417607874975	2.112473971090738	10.385870976677896	26.532164530049005	5.665709866910878	12.707327252599493	7.568660575021997	0.25	2.5615910049010324	0	0	0	0	0	0	0	0	0	0	0	0	0	0	3	0	11	0	0	0	9	0	0	1	0	0	2	0	0	0	0	1	0	0	0	0	0	0	0	0	0	4	3	0	0	0	0	0	0	0	0	0	0	0	0	0	0	0	0	0	1	0	0	0	0	0	0	0	0	0	0	0	0	0	0	0	0	0	0	0	0	0	0	0	0	0	0	28.019390581717452	10.285	5.30650815424478	0.9615384615384616	5699.09	0.4857142857142857	1009	25.758784066134826	16.269546619008434	16.88492685267814	13.366258044665527	11.03370514561954	9.468176369575152	7.084366024325274	4.967667760088548	21.599916330512176	13.932043557212703	13.069931518253618	11.209286835186854	9.189296271388892	7.451582266329742	5.425887291014868	4.044137648036764	8.91311789868579	14.574806607937294	23.663218868663858	6.981870912533052	11.75590998480366	18.299593291566612	4.711532308187427	0.5676295656559693	1.338752971402208	0.25364688940716357	2.8074139591092657	0.24633088338420323	1.1274166138886472	0.2160345386356956	0	0	0.08333333333333333	0.36516388586145737	0.9969605586833484	0	0	0.08333333333333333	0.36516388586145737	0.8943603574468104	0	0	1	0	0	5	12	6	2	3029.522812924236	3711.825101309726	5789.784910268848	6349.415917780549	5811.712707959401	46.90901658851311	48.99971533440089	68.19993754592898	73.92892488405849	73.14563960878917	0.6102683300206335	-0.24240164300533362	0.0026812846230046756	-0.07391037456772957	0.13733431528550344	5	8																														57.28831499999999	85.37968499999998																		
0246_00013																																																																																																																																																				0	0	0	0	0	0	0	0	0	0	0	0	0	0	0	0	0	0	0	0																		11.715681486460765	16.008959400456774	-0.4144409891773455	0.37090250157770965	4.529471067192809	12.645026667267686	0.7619047619047619	0.14000000000000007	360.44481957751697	0	2	3.2199999999999998		4	13	29	0	54	0	0	1.0341999999999987	1.0695696399999972	96.699699999999993	0	4	0	1	0	0	0	1	3	0	0	0	0.2545019709147074	154	1425	59	52.97222990848442	2.0373934580186317	12.555494826861665	12.555494826861665	0	5.857980995127573		91.67	1		0.5	0.16666666666666669	4.439191750381925	3.9971965059329175	2.3189837636060755	9.152369232604341	20.196722169625932	8.842297859754169	6.86643562625151	8.003868130077175	1.1052094495921163	1.642784601307477	0	0	0	0	0	0	0	0	0	0	0	0	0	0	2	0	8	0	1	0	3	0	0	4	0	0	3	0	0	0	0	0	0	0	0	0	0	0	0	0	0	2	3	0	0	0	0	0	0	0	0	0	0	0	0	0	0	0	0	0	0	0	0	0	0	0	0	0	0	0	0	0	0	0	0	0	0	0	0	0	0	0	0	0	0	0	0	19.322235434007133	6.25	2.4860198911615687	0.7619047619047619	2599.05	0.6538461538461539	496	18.905412915006313	12.170504622625403	12.320085418354878	11.540204071145046	9.7161073600805	7.819332561635056	5.811462434821476	4.4308475600904345	15.585427388642392	9.803619654183983	9.380845364107817	8.411492937876579	6.976356761966987	5.3133177013901705	3.870424957381794	2.797157560552959	8.850815589820842	15.53077527549387	24.765232620502644	5.839662140621031	9.809733181499942	14.276588361815376	3.1703650942824857	0.32197527542968946	1.7814460640440457	0.5575667563086659	2.2351696409284947	0.24365261598403629	1.0354664317882458	0.2822980823269193	0	0	0.07216878364870323	0.4250237345359898	1.1166452579993968	0	0	0.07216878364870323	0.34499748902910643	0.7810258976872542	0	0	0	4	1	3	7	4	2	2288.5603998730635	2908.6643804824985	4750.539595968491	5325.088049417382	4509.9777937012395	29.87234517770473	30.66045988566282	51.320919771325634	64.86613377380522	60.42003264679453	0.5647014403345761	-0.10447778072342012	-0.2095146515732088	0.06537632352608462	0.01671951418461386	2	5																														33.483796	59.64020399999997																		
0246_00017																																																																																																																																																				0	0	0	0	0	0	0	0	0	0	0	0	0	0	0	0	0	0	0	0																		11.742504854221064	16.00052292303146	-0.4205973459446644	0.30765730193738333	5.199824093742943	12.669275465781674	1	9.595	402.65395374440095	1	5	4.21		0	16	33	0	75	0	0	6.2207	38.69710849	119.10159999999999	0	5	0	1	0	1	0	1	3	0	0	0	0.08142169212088192	174	2171	59	59.48562421947718	2.051228421361282	5.630351647884214	5.630351647884214	0	6.044394119358453		32.76	0.875		0.4666666666666667	1.546971742764065	10.267796943372177	8.121110334398754	2.93206072407366	12.593130739707394	23.639193572213646	9.552402165492186	7.078060602049591	7.823234458558286	1.1052094495921163	0	0.25	0	0	0	0	0	0	0	0	0	0	0	0	0	5	0	11	0	0	0	8	0	0	0	0	0	3	0	0	0	0	0	0	0	0	0	0	0	0	0	0	1	0	1	0	0	0	0	0	0	0	0	0	0	0	0	0	0	0	0	0	0	0	0	0	0	0	0	0	0	0	0	0	0	0	0	0	0	0	0	0	0	0	0	0	0	0	20.877869605142333	7	2.9575	1	5429.02	0.6206896551724138	716	20.604083527755577	13.710798082149479	13.965539249598097	12.047811434292482	10.49980691087894	8.55646639638274	6.853105016866195	5.222976659585282	19.75243863253285	13.069671427277326	12.95298647192655	11.142980539051527	9.562535615420709	7.512956997730157	5.984332878809162	4.5109676322249	8.052771379698703	14.215114196802013	22.226035468658857	7.2052172765274936	12.566356894860787	18.903943546857615	3.3601276871323926	0.29208198646242695	1.3705996530581936	0.3944165666970096	2.9825758056146303	0.26157986948039036	1.1865863205593756	0.303606811165613	0.20412414523193154	0.39073720721077865	0.2575641895980023	1.0612348135411556	2.3019001375063812	0.11785113019775793	0.2255922317655456	0.18392556509887895	0.7431852656739167	1.6399204660526856	0	0	0	0	0	5	13	7	2	2631.3466640447987	3314.9097402462803	5127.9280735979955	5676.890219325841	4860.839106306173	30.548938071081892	33.99627593139769	52.66045988566282	61.324643839927944	55.43492892120376	0.24169467148493412	-0.07976528617331739	-0.02290062857802915	-0.052623588767959625	0.041883617660881986	1	2																														52.203521999999985	79.79647799999998																		
0246_00018																																																																																																																																																				0	0	0	0	0	0	0	0	0	0	0	0	0	0	0	0	0	0	0	0																		11.74232326078811	16.010430634834808	-0.4221081174821409	0.3774102849054287	3.8895817699115143	12.704592232747235	0.9583333333333334	5.366000000000001	408.57231631379034	1	4	3.55		2	15	32	0	69	0	0	3.089899999999996	9.547482009999976	110.5571	1	4	0	1	0	0	0	1	3	0	0	0	0.24000240534383332	166	2060	60	58.87257972579454	2.0300889560618804	12.45122900324906	12.45122900324906	0	6		97.99000000000001	1		0.5	0.520020955762976	6.259305247960695	7.300462027108188	2.112473971090738	8.665923817244442	24.396183257911293	5.93982985588681	13.00597895177207	7.206436972456254	0.25	1.3707826701888748	0	0	0	0	0	0	0	0	0	0	0	0	0	0	3	0	9	0	0	0	9	0	0	1	0	0	2	0	0	0	0	0	0	0	0	0	0	0	0	0	0	4	1	0	0	0	0	0	0	0	0	0	0	0	0	0	0	0	0	0	0	0	0	0	0	0	0	0	0	0	0	0	0	0	0	0	0	0	0	0	0	0	0	0	0	0	0	22.203125	7.8477508650519034	3.4565376186997807	0.9583333333333334	4372.05	0.5862068965517241	643	21.13746372257519	13.591895258414459	13.677248822783028	11.88965006620098	10.025854149712403	8.726783294411312	6.2763979896920965	4.7408050088407485	18.257216125849258	11.852776624819134	11.450068632703209	10.299341562625386	8.766830858448133	7.07694000908201	5.207677824228792	3.9106752288296	7.924572486367408	13.727724278278844	22.701964003247873	6.667985976231938	11.710134768053466	17.966716921457483	3.28557367147266	0.23570226039551587	1.2031522262693357	0.19245008972987526	2.569531827429379	0.23570226039551587	1.0411897222264832	0.19245008972987526	0	0	0.08333333333333333	0.37759704578347697	0.9607476921576668	0	0	0.08333333333333333	0.37759704578347697	0.8927131765110282	0	0	1	0	0	3	12	6	2	2556.9917470101273	3207.0730666137765	5117.654529771377	5748.660679648041	5173.1850944252565	32.87234517770473	33.660459885662824	54.431204852601454	64.09538880686658	62.64928767985589	0.4341024995700424	-0.14966057158591692	-0.08145850471783236	0.05037006300134791	-0.0484879990350596	4	5																														44.686279999999996	72.92171999999997																		
0246_00025																																																																																																																																																				0	0	0	0	0	0	0	0	0	0	0	0	0	0	0	0	0	0	0	0																		11.71515124690664	15.997955130132816	-0.42051300158895366	0.26219440583345355	5.234667221110707	12.697397402041393	0.8518518518518519	9.661000000000003	384.63866730918	1	4	4.319999999999999		2	16	31	0	72	0	0	7.126099999999997	50.78130120999997	121.4657	0	4	0	1	0	0	0	1	3	0	0	0	0.05263579446963955	158	2022	54	57.21672998663424	2.0434546423797944	2.5424531592121764	2.5424531592121764	0	5.954196310386876		20.23	0.875		0.4666666666666667	1.546971742764065	11.005422149571372	8.103990710279186	2.2422597680429632	15.301585299105966	26.130140520999575	7.461302673673635	6.999128773059463	5.731361986286214	0.25	0	0	0	0	0	0	0	0	0	0	0	0	0	0	0	5	0	10	0	2	0	6	0	0	2	0	0	2	0	0	0	0	0	0	0	0	0	0	0	0	0	0	1	0	0	0	0	0	0	0	0	0	0	0	0	0	0	0	0	0	0	0	0	0	0	0	0	0	0	0	0	0	0	0	0	0	0	0	0	0	0	0	0	0	0	0	0	0	21.240374609781476	7.921875	3.6548442906574397	0.8518518518518519	4869.01	0.6071428571428571	669	20.10408352775558	13.253691300962933	13.066853663868685	11.129123522725784	9.497038145488546	7.690964085574956	5.939076381857319	4.472166647443197	19.13708356088244	12.26381961786544	11.720440948464168	10.012735240733068	8.453070062337034	6.529165637731373	4.9949768923215006	3.705595332692611	6.930127877232994	11.91831618324547	18.08424416998299	6.226016354093448	10.743248782663514	15.70664981526345	2.952131581489401	0.23570226039551587	1.022341061775787	0.2032631323962854	2.5652416343313313	0.2199132028137237	0.9352194337309576	0.17955837819827097	0	0	0.08333333333333333	0.3936345532609666	0.9760469218395454	0	0	0.08333333333333333	0.3716481929095903	0.8631657654668151	0	0	0	2	2	5	11	5	2	2602.5287461656735	3191.8480491729993	4940.378483893508	5346.961994950806	4635.268316401763	28.774469035540946	31.332091977132563	48.66418395426513	54.66418395426513	49.66418395426513	0.08832854880805323	-0.024558796108675257	-0.02960033345305968	0.007559616575308195	0.009329347718181627	1	1																														48.10110799999999	77.66089199999996																		
0246_00028																																																																																																																																																				0	0	0	0	0	0	0	0	0	0	0	0	0	0	0	0	0	0	0	0																		11.729111182247676	16.0105279247583	-0.4214885873119151	0.4061141033718382	4.241767504393105	13.102220096638984	0.8695652173913043	2.444	390.51393589404773	0	1	3.4399999999999995		5	14	32	0	62	0	0	2.276599999999998	5.1829075599999905	105.22939999999998	0	5	0	2	0	0	0	2	3	0	0	0	0.22291374743563272	170	1758	62	57.80903573114895	2.0646084189696055	13.22540834057635	13.22540834057635	0	6		86.99000000000001	0.8571428571428571		0.46153846153846156	0.16666666666666669	4.742890851227746	4.1367527093224	2.4811113252000823	10.888016544539525	23.20845113069101	9.764096281648932	7.3444749594779735	8.91668679213046	1.3103706971044482	0.8117482308349726	0.7377879464668811	0	0	0	0	0	0	0	0	0	0	0	0	0	2	0	9	0	1	0	6	0	0	2	0	0	3	0	0	0	0	0	0	0	0	0	0	0	0	0	0	3	1	1	0	0	0	0	0	0	0	0	0	0	0	0	0	0	0	0	0	0	0	0	0	0	0	0	0	0	0	0	0	0	0	0	0	0	0	0	0	0	0	0	0	0	0	19.93359375	6.497686009255963	2.5758268556622466	0.8695652173913043	3600.05	0.7857142857142857	596	19.896976746569035	13.198179413962515	13.53300850779657	12.683726545232997	10.736541281605213	8.960949472011299	6.68740390027216	5.1199194324786435	17.06355028243391	11.15630890788554	10.797950843483047	10.04993305074446	8.366713554722166	6.721809820288238	4.943107185905419	3.704991019013118	9.226124151494062	16.058255779928206	26.523646531345655	6.865339105185506	11.662860950919944	18.129576955698152	3.304773741343946	0.30324653614705704	1.7978531315495216	0.5345816096419649	2.436849142127817	0.2468280099898551	1.2621115951545654	0.3312958057360714	0	0	0.19001991384646116	0.5962888576424777	1.282682359944971	0	0	0.1138354503153699	0.4059867550803484	0.9420552631515636	0	0	1	1	1	3	10	5	2	2569.0282500968174	3283.427252455984	5398.0571754032	6022.375613411071	5245.02118755169	31.87234517770473	33.99255186279538	57.09538880686658	66.98137965698845	62.423756715396834	0.499525596310774	-0.25395838225462924	0.08961854737602133	-0.09516897317449421	0.10935254265826891	3	5																														40.043037999999996	67.16096199999997																		
0246_00029																																																																																																																																																				0	0	0	0	0	0	0	0	0	0	0	0	0	0	0	0	0	0	0	0																		11.742420180855156	16.01018666150872	-0.4213098554054684	0.37733146957418384	3.889117854350347	12.672543322716988	0.9583333333333334	6.177999999999999	392.572911386221	1	4	3.6599999999999997		2	15	31	0	68	0	0	3.9892999999999965	15.914514489999972	109.2724	1	4	0	1	0	0	0	1	3	0	0	0	0.19821935996493653	160	1910	56	57.04496028226154	2.0373200100807694	9.903013015917637	9.903013015917637	0	5.954196310386876		77.76	1		0.5	0.520020955762976	6.892779863580215	6.671983308152655	2.112473971090738	10.741844655705206	25.3939163164755	6.645487511395998	9.95693331020653	6.499473355210593	0.25	0.7636804931731239	0	0	0	0	0	0	0	0	0	0	0	0	0	0	3	0	10	0	0	0	8	0	0	1	0	0	2	0	0	0	0	0	0	0	0	0	0	0	0	0	0	3	1	0	0	0	0	0	0	0	0	0	0	0	0	0	0	0	0	0	0	0	0	0	0	0	0	0	0	0	0	0	0	0	0	0	0	0	0	0	0	0	0	0	0	0	0	21.240374609781476	7.601832569762599	3.4489795918367347	0.9583333333333334	4285.04	0.6071428571428571	622	20.26722023457211	13.164374903485893	13.262431807342736	11.248028736559741	9.624059437408363	8.385039785886804	6.004119968650315	4.628482318392964	17.93975904234622	11.744407649333032	11.362363917134148	10.229285553362462	8.72780439972594	7.113093989555365	5.211930663459654	4.009882143101443	7.322230109770482	12.530022408837624	20.401146694272555	6.58713558566343	11.469126050203524	17.594002243041228	3.162862189508074	0.23570226039551587	1.0832508571745265	0.2032631323962854	2.529294926703199	0.23570226039551587	1.0398198554890035	0.2032631323962854	0	0	0.08333333333333333	0.38480574089441705	0.9701899368714092	0	0	0.08333333333333333	0.38480574089441705	0.9159011847645051	0	0	1	0	0	3	12	6	2	2479.509348930461	3095.365269006923	4904.04915143126	5406.7786568648935	4779.367200769585	31.097876142163784	32.328367908530254	51.76702089833633	58.324643839927944	55.98882779419307	0.3425901655883744	-0.14066595376469593	-0.021473965231194048	0.002844406049938993	0.01173633458983788	3	4																														44.68627999999999	72.11971999999996																		
0246_00032																																																																																																																																																				0	0	0	0	0	0	0	0	0	0	0	0	0	0	0	0	0	0	0	0																		11.715152143460958	15.999020143610146	-0.42130719357127827	0.26260375816826104	5.234676518320626	12.701136274236386	0.9259259259259259	8.222000000000001	402.6539537444009	1	5	4.21		2	16	32	0	75	0	0	6.206699999999994	38.52312488999993	122.20760000000001	0	4	0	1	0	0	0	1	3	0	0	0	0.10055926932878152	164	2228	57	59.04200676930088	2.035931267906927	5.0067665118879106	5.0067665118879106	0	6		40.46	0.875		0.4666666666666667	1.546971742764065	9.796764390575582	9.34585159156494	2.2422597680429632	13.497634103551706	26.350830722730844	7.312151116183132	8.513010959882797	5.849321061398524	0.25	0.07142857142857142	0	0	0	0	0	0	0	0	0	0	0	0	0	0	5	0	10	0	1	0	8	0	0	1	0	0	2	0	0	0	0	0	0	0	0	0	0	0	0	0	0	2	0	0	0	0	0	0	0	0	0	0	0	0	0	0	0	0	0	0	0	0	0	0	0	0	0	0	0	0	0	0	0	0	0	0	0	0	0	0	0	0	0	0	0	0	0	22.203125	8.1648	3.7548105534616147	0.9259259259259259	5272.02	0.5862068965517241	696	20.974327015758657	13.664374903485893	13.540754243207063	11.90360461845814	9.508080205793783	7.850386720663913	5.9364197633088125	4.559873941943053	19.661647425572024	12.721377244730373	12.25033111462946	10.525462412303048	8.585155571857152	6.692852552990456	5.096576522504468	3.80645782916466	7.8485595238247265	12.288790997545652	18.62350369009328	6.692019777684902	10.957682228823959	15.998497952082907	3.112918884754388	0.23570226039551587	1.2580433221713028	0.2032631323962854	2.7153090884087976	0.2199132028137237	1.0406286890699032	0.17955837819827095	0	0	0.08333333333333333	0.3936345532609666	0.9760469218395454	0	0	0.08333333333333333	0.3716481929095902	0.8631657654668152	0	0	0	1	1	5	12	6	2	2642.8988242566434	3250.5556072953127	5043.280443199852	5471.593097054156	4706.899155588539	30.548938071081892	32.66418395426513	51.328367908530254	58.66045988566282	50.99627593139769	0.1580636180845692	-0.04699508984296848	-0.03915239070729758	0.004929045389870561	0.009096584258726758	2	2																														50.28752199999999	79.79647799999996																		
0246_00033																																																																																																																																																				0	0	0	0	0	0	0	0	0	0	0	0	0	0	0	0	0	0	0	0																		11.742301278483758	16.010427820957972	-0.42142836061441485	0.3773964591551916	3.8928311231300325	12.901404284335827	0.9583333333333334	4.093	408.57231631379034	0	4	3.55		2	15	32	0	69	0	0	2.8873999999999946	8.337078759999969	110.78750000000001	1	4	0	1	0	0	0	1	3	0	0	0	0.24000240534383332	166	2045	60	58.87670877629486	2.030231337113616	12.47503849566612	12.47503849566612	0	6		97.99000000000001	1		0.5	0.520020955762976	5.9898171353189955	7.595417607874975	2.112473971090738	8.246189112526022	25.17624369734026	5.6248257797278844	12.707327252599493	7.568660575021997	0.25	1.300511351021694	0	0	0	0	0	0	0	0	0	0	0	0	0	0	3	0	9	0	0	0	9	0	0	1	0	0	2	0	0	0	0	0	0	0	0	0	0	0	0	0	0	4	1	0	0	0	0	0	0	0	0	0	0	0	0	0	0	0	0	0	0	0	0	0	0	0	0	0	0	0	0	0	0	0	0	0	0	0	0	0	0	0	0	0	0	0	0	22.203125	7.8477508650519034	3.4565376186997807	0.9583333333333334	4372.05	0.5862068965517241	637	21.13746372257519	13.58509520714092	13.720713290305055	11.827108913673092	9.957329243755831	8.879363089103157	6.3542916892305925	4.678544169166663	18.257216125849258	11.845976573545597	11.435395605746429	10.334234900864663	8.684026203798128	7.1440377658737075	5.157925905398564	3.874297225715923	8.043544742816746	13.554616923921486	23.027874628632162	6.762719627403341	11.576456829974688	18.169769033973605	3.270445292276656	0.21407617506269555	1.3387529714022082	0.25364688940716357	2.5240409771573766	0.21407617506269555	1.1274166138886474	0.2160345386356956	0	0	0.08333333333333333	0.36516388586145737	0.9969605586833484	0	0	0.08333333333333333	0.36516388586145737	0.8943603574468105	0	0	1	0	0	3	12	6	2	2564.7036944889705	3219.4818348012386	5145.058030026681	5799.378491095326	5223.859443942542	32.87234517770473	33.660459885662824	54.431204852601454	63.6530117484582	62.64928767985589	0.41774265424393087	-0.16462613879615354	-0.029250047900131245	0.014413270554458553	0.025673773273591542	4	5																														44.686279999999996	72.92171999999997																		
0246_00038																																																																																																																																																				0	0	0	0	0	0	0	0	0	0	0	0	0	0	0	0	0	0	0	0																		11.807103426554828	16.011920772559876	-0.4548376593402802	0.46587675944804946	3.879736551015756	9.420425124467863	0.8333333333333334	0.11399999999999996	245.31579101676272	0	8	2.2300000000000004	4	3	9	16	2	40	0	0	-0.5542000000000014	0.3071376400000015	60.2094	1	0	0	0	0	0	0	0	0	0	0	0	0.2709629063634541	76	552	19	31.76131256847275	1.8683125040278088	13.494220297059002	10.270462179182747	3.223758117876256	5		66.43	1		0.5	2.1753165686166325	4.0685109261408945	5.045161721340837	0	0.814325284978472	5.241482788417793	0	2.406851949670727	0	0	0.7211247851537042	0.944940787421155	0	0	0	0	0	0	0	0	0	0	0	0	0	5	0	3	0	0	0	2	0	0	2	0	0	0	0	0	0	0	0	0	0	0	0	0	0	0	0	1	0	2	1	0	0	0	0	0	0	0	0	0	0	0	0	0	0	0	0	0	0	0	0	0	0	0	0	0	0	0	0	0	0	0	0	0	0	0	0	0	0	0	0	0	0	0	17	7.43801652892562	8.686980609418283	0.8333333333333334	1249.05	0	204	13.637828201504695	7.6528843246548375	7.858877150553863	4.026258853282186	2.956043940460993	1.567101110665604	1.5109540105522792	0.5093825720942298	11.207872534517032	6.620825486606803	6.626648243293019	2.796566846779291	1.7086133840934747	0.8531624330290305	0.48318116871002204	0.23206283487782198	2.3623619071106274	3.4071749211531412	3.4078502747742014	1.5479116702963633	2.035033512918892	1.7562771976552067	2.6444371282666475	0.35355339059327373	0.16666666666666666	0	2.5771945790487054	0.5	0.034020690871988585	0	0	0	0	0	0	0	0	0	0	0	0	0	2	0	0	3	3	1	0	845.9979297881773	904.8651703771362	1140.6652763099364	1004.3149583940739	1033.1924572487185	20.457856443440264	18.325187618384607	25.707671867057723	22.376379347307573	25.87012973163586	0.6612250533885694	-0.3615890633690466	0.054523237431458545	-0.044207958759848426	-0.06560389567452538	0	4																														32.573761	40.76423900000001																		
0246_00039																																																																																																																																																				0	0	0	0	0	0	0	0	0	0	0	0	0	0	0	0	0	0	0	0																		11.835290554998808	16.013990590660814	-0.45483675066665014	0.46608422379224124	3.714155600594898	9.28499125818312	0.7	-1.22	247.24548455537084	0	8	1.79	4	3	9	16	2	34	0	0	-2.3547000000000002	5.544612090000001	52.751099999999994	2	0	0	0	0	0	0	0	0	0	0	0	0.4197800668589819	76	564	17	31.767584362943655	1.8686814331143327	18.260138358514045	15.036157147310986	3.223981211203056	5		103.73	1		0.5	1.5000000000000004	2.4764454366709705	2.5069254553728926	0	0.944940787421155	5.5641435608170084	0	1.9827032282500943	0	0	2.006853904400577	1.4358729437462938	0	0	0	0	0	0	0	0	0	0	0	0	0	3	0	3	0	0	0	1	0	0	3	0	0	0	0	0	0	0	0	0	0	0	0	0	0	0	0	1	1	3	1	0	0	0	0	0	0	0	0	0	0	0	0	0	0	0	0	0	0	0	0	0	0	0	0	0	0	0	0	0	0	0	0	0	0	0	0	0	0	0	0	0	0	0	17	7.43801652892562	10.85121107266436	0.7	817.07	0	206	13.637828201504696	7.598042769788446	8.230781917739982	3.315261132663702	3.2655822747008614	1.4941749346554982	1.6007794764282826	0.3272382946236201	9.985984151291227	5.774282735340411	5.940840495257834	2.092680728060989	1.6125608527855184	0.7484057914629015	0.4271146583602888	0.0989383316910476	1.7548746228316414	3.4000779017219127	3.06634164841781	1.1629682019553533	1.8238557350944749	1.5317877760419911	2.869956032534292	0.35355339059327373	0	0	2.448433198919975	0.5	0	0	0	0	0	0	0	0	0	0	0	0	0	0	3	0	0	1	3	0	0	739.9740130602268	794.1630919095156	1004.3154636679843	835.5154925588382	925.7664948044436	22.006794514522156	18.989371572649723	27.146324856863792	20.376379347307573	29.303821919534517	0.8853285377940032	-0.40481077451646963	0.03486368422735451	-0.3054942857644283	0.23796272728963186	1	6																														26.972519	34.847481																		
0246_00040																																																																																																																																																				0	0	0	0	0	0	0	0	0	0	0	0	0	0	0	0	0	0	0	0																		11.817764753525145	16.011921750827252	-0.45483808930188807	0.4658660486503138	3.8673204110829484	9.335457249576788	0.8461538461538461	0.9589999999999999	259.3424084212023	0	10	2.34	6	3	11	17	2	43	0	0	-0.1043000000000025	0.010878490000000521	64.8369	1	0	0	0	0	0	0	0	0	0	0	0	0.2563099804690144	78	696	18	33.93305178075613	1.8851695433753406	13.539492526712968	10.314688954876441	3.224803571836529	5.08746284125034		66.43	1		0.5	1.341640786499874	5.0059437965925655	2.524779085903386	0	4.945079426037879	5.99616036103542	0	1.1905507889761497	0	0	0.7211247851537042	0.944940787421155	0	0	0	0	0	0	0	0	0	0	0	0	0	4	0	6	0	0	0	1	0	0	2	0	0	0	0	0	0	0	0	0	0	0	0	0	0	0	0	1	0	2	1	0	0	0	0	0	0	0	0	0	0	0	0	0	0	0	0	0	0	0	0	0	0	0	0	0	0	0	0	0	0	0	0	0	0	0	0	0	0	0	0	0	0	0	18	8.991735537190083	11.851851851851851	0.8461538461538461	1458.05	0	269	14.181798275874712	8.242200722131878	8.097014723008476	3.741964500462438	3.2252697857360615	1.8063792886484473	1.7682650728236105	0.426967416718578	11.75184260888705	7.200105182951775	6.827432037924392	2.7815716667325128	2.025682030979467	1.0058980537314954	0.5818878948483218	0.20358769419047484	1.5566298410013901	2.830339293956624	2.837792198950752	1.1428972248541853	1.8088078320639325	1.560687230216081	2.4617077420704288	0.35355339059327373	0	0	2.3838834764831844	0.5	0	0	0	0	0	0	0	0	0	0	0	0	0	0	2	0	0	2	6	0	0	871.8340085301841	917.3862263953285	1111.3477685516623	964.1016834483949	1049.1506635286175	21.457856443440264	19.325187618384607	25.707671867057723	20.71219539304245	26.87012973163586	0.6631830616219004	-0.36001328806971766	0.04623436887482392	-0.03679069471915875	-0.06480046085508513	0	4																														34.760175	43.857825000000005																		
0246_00041																																																																																																																																																				0	0	0	0	0	0	0	0	0	0	0	0	0	0	0	0	0	0	0	0																		11.74244744171008	16.01031940787023	-0.3925171598147602	0.37706497284975765	3.888171110757963	12.60940301168506	0.9166666666666666	7.854000000000001	374.55762495100004	1	4	3.7699999999999996		2	15	30	0	65	0	0	4.832799999999996	23.355955839999964	106.6532	1	4	0	1	0	0	0	1	3	0	0	0	0.14526476331922689	154	1772	53	55.21650366699453	2.045055691370168	7.308396708907834	7.308396708907834	0	5.906890595608519		54.37	1		0.5	0.520020955762976	7.547173698041816	6.022938959392613	2.112473971090738	13.497634103551706	25.32265565120436	7.312151116183132	7.277394883093447	5.835344626521852	0.25	0.4099138248797977	0	0	0	0	0	0	0	0	0	0	0	0	0	0	3	0	11	0	0	0	6	0	0	2	0	0	2	0	0	0	0	0	0	0	0	0	0	0	0	0	0	1	2	0	0	0	0	0	0	0	0	0	0	0	0	0	0	0	0	0	0	0	0	0	0	0	0	0	0	0	0	0	0	0	0	0	0	0	0	0	0	0	0	0	0	0	0	20.28	7.356269805341784	3.3361550456671862	0.9166666666666666	3922.03	0.6296296296296297	603	19.39697674656903	12.753691300962934	12.71330027327541	10.88754189892859	9.245188494262173	7.7690477420451485	5.681950978800573	4.4925395617043575	17.505986384617465	11.489410881996127	11.037767001100473	10.05561373926662	8.572936003499498	6.819259657396624	5.120454171665325	3.989391229257816	6.930127877232992	11.85923261934738	18.31994248925229	6.4362352762612955	11.283143676508546	16.82865195492331	2.9521315814894016	0.23570226039551587	1.0223410617757869	0.2032631323962854	2.4218199514834815	0.23570226039551587	1.0223410617757869	0.2032631323962854	0	0	0.08333333333333333	0.3936345532609666	0.9760469218395453	0	0	0.08333333333333333	0.3857400244700705	0.9199199781182394	0	0	1	1	0	3	11	6	2	2383.8786050497993	2962.42112742752	4659.490621326719	5060.53755684968	4329.638851038425	29.323407106622838	30.996275931397694	49.1028369440712	54.328367908530254	49.328367908530254	0.3119352889063895	-0.11715598875666317	-0.03043041907885001	-0.007758300572223675	-5.900224568925972e-4	1	3																														43.45786599999999	69.98413399999995																		
0246_00042																																																																																																																																																				0	0	0	0	0	0	0	0	0	0	0	0	0	0	0	0	0	0	0	0																		11.742107941061807	16.010563612505695	-0.4213432803326319	0.377170505403717	3.8888247383061656	12.652809098304745	0.9166666666666666	5.765000000000001	390.5570298785694	1	4	3.6599999999999997		2	15	31	0	66	0	0	3.806599999999997	14.490203559999976	108.34779999999999	1	4	0	1	0	0	0	1	3	0	0	0	0.19114628350770646	160	1910	56	57.04496028226154	2.0373200100807694	9.903013015917633	9.903013015917633	0	5.954196310386876		74.6	1		0.5	0.520020955762976	6.892779863580215	6.671983308152655	2.112473971090738	10.741844655705206	25.3939163164755	6.645487511395998	9.95693331020653	6.499473355210593	0.25	0.7636804931731239	0	0	0	0	0	0	0	0	0	0	0	0	0	0	3	0	10	0	0	0	7	0	0	2	0	0	2	0	0	0	0	0	0	0	0	0	0	0	0	0	0	2	2	0	0	0	0	0	0	0	0	0	0	0	0	0	0	0	0	0	0	0	0	0	0	0	0	0	0	0	0	0	0	0	0	0	0	0	0	0	0	0	0	0	0	0	0	21.240374609781476	7.601832569762599	3.4489795918367347	0.9166666666666666	4005.04	0.6071428571428571	622	20.26722023457211	13.164374903485893	13.262431807342734	11.24802873655974	9.62405943740836	8.385039785886804	6.0041199686503175	4.628482318392968	17.8234434681205	11.590979806208694	11.178184153840686	10.016100055214793	8.43692006829677	6.799339310940824	4.957542874196844	3.7824740460216772	7.322230109770481	12.53002240883762	20.40114669427255	6.4626319133071215	11.08430659887732	16.7525122079776	3.1628621895080737	0.23570226039551587	1.0832508571745267	0.2032631323962854	2.492332938451413	0.23570226039551587	1.0219351764326046	0.2032631323962854	0	0	0.08333333333333333	0.38480574089441705	0.9701899368714092	0	0	0.08333333333333333	0.3795427217004863	0.8853126568802226	0	0	1	1	0	3	11	6	2	2455.2414896928676	3065.488698171402	4856.692235263778	5343.062765365329	4707.360831293459	31.097876142163784	32.328367908530254	51.76702089833633	58.324643839927944	55.98882779419307	0.38668284219624094	-0.14105347822891887	-0.03699501843745279	0.0037649937635059433	0.004840550386018062	2	4																														43.45786599999999	70.78613399999995																		
0246_00043																																																																																																																																																				0	0	0	0	0	0	0	0	0	0	0	0	0	0	0	0	0	0	0	0																		11.742436535414308	16.010186662975617	-0.4218823651328355	0.3773309888869533	3.888653640629291	12.641417917457888	0.9583333333333334	6.388999999999999	392.572911386221	1	4	3.6599999999999997		2	15	31	0	68	0	0	3.9892999999999965	15.914514489999972	109.2724	1	4	0	1	0	0	0	1	3	0	0	0	0.19821935996493653	160	1919	56	57.0459910208508	2.0373568221732428	9.891395230801676	9.891395230801676	0	5.954196310386876		77.76	1		0.5	0.520020955762976	6.913399874407859	6.6498759106250365	2.112473971090738	10.836077862331509	25.578962259540646	6.606466240641937	9.671658284323867	6.542142121315962	0.25	0.7626249510150408	0	0	0	0	0	0	0	0	0	0	0	0	0	0	3	0	10	0	0	0	8	0	0	1	0	0	2	0	0	0	0	0	0	0	0	0	0	0	0	0	0	3	1	0	0	0	0	0	0	0	0	0	0	0	0	0	0	0	0	0	0	0	0	0	0	0	0	0	0	0	0	0	0	0	0	0	0	0	0	0	0	0	0	0	0	0	0	21.240374609781476	7.601832569762599	3.4489795918367347	0.9583333333333334	4285.04	0.6071428571428571	624	20.26722023457211	13.164374903485893	13.258505795909453	11.253763557008794	9.707260547346271	8.180930315890144	6.0589649855465	4.5898008842266504	17.93975904234622	11.744407649333032	11.358437905700868	10.22536388763325	8.805879070568396	7.002358960249671	5.284282724051648	3.9887559714460643	7.2929896501845795	12.84371002560241	20.223680187477363	6.547341168301272	11.666568127863172	17.554361859947115	3.1613474047852685	0.23570226039551587	1.0608406615707215	0.19245008972987526	2.527780141980394	0.23570226039551587	1.0147751278623847	0.19245008972987526	0	0	0.08333333333333333	0.38480574089441705	0.9750297872651528	0	0	0.08333333333333333	0.38480574089441705	0.9207410351582487	0	0	1	0	0	3	12	6	2	2475.564208913195	3088.932789610366	4888.67558225068	5381.752096826456	4740.272032585207	31.097876142163784	32.328367908530254	51.767020898336334	58.324643839927944	55.98882779419307	0.34295324638752794	-0.13905389173991342	-0.014384529840659578	0.004993036473936335	-0.059137402195482455	3	4																														44.68627999999999	72.11971999999996																		
0246_00044																																																																																																																																																				0	0	0	0	0	0	0	0	0	0	0	0	0	0	0	0	0	0	0	0																		11.74158173800494	16.011732874194454	-0.3925555617526555	0.377674601112423	3.891347247160722	12.8077705427188	0.8333333333333334	2.664	402.5246717908356	0	4	3.55		2	15	32	0	63	0	0	2.3392999999999953	5.472324489999978	108.0137	1	4	0	1	0	0	0	1	3	0	0	0	0.2200424189347431	166	2045	60	58.87670877629486	2.030231337113616	12.47503849566612	12.47503849566612	0	6		88.50999999999999	1		0.5	0.520020955762976	5.9898171353189955	7.595417607874975	2.112473971090738	8.246189112526022	25.17624369734026	5.6248257797278844	12.707327252599493	7.568660575021997	0.25	1.300511351021694	0	0	0	0	0	0	0	0	0	0	0	0	0	0	3	0	9	0	0	0	6	0	0	4	0	0	2	0	0	0	0	0	0	0	0	0	0	0	0	0	0	1	4	0	0	0	0	0	0	0	0	0	0	0	0	0	0	0	0	0	0	0	0	0	0	0	0	0	0	0	0	0	0	0	0	0	0	0	0	0	0	0	0	0	0	0	0	22.203125	7.8477508650519034	3.4565376186997807	0.8333333333333334	3544.05	0.5862068965517241	637	21.137463722575188	13.58509520714092	13.720713290305051	11.82710891367309	9.957329243755828	8.879363089103153	6.354291689230593	4.678544169166662	17.9082694031721	11.381639407184215	10.85828133179698	9.71837362055584	7.94228371596715	6.329669234871038	4.513366723492242	3.333250091829228	8.043544742816744	13.554616923921484	23.02787462863216	6.341337724436649	10.527816597034237	15.991649075736975	3.2704452922766554	0.21407617506269555	1.3387529714022082	0.25364688940716357	2.3833733971090267	0.20118446353109126	1.052325571392303	0.19913573049155936	0	0	0.08333333333333333	0.36516388586145737	0.9969605586833483	0	0	0.08333333333333333	0.34029746291689766	0.7969825413654619	0	0	1	3	0	3	9	6	2	2496.3864063262263	3136.1336268026466	5013.870023297177	5631.185098194794	5044.182730368768	32.87234517770473	33.66045988566282	54.43120485260146	63.6530117484582	62.64928767985589	0.5496219973855759	-0.1642046042488431	-0.0683038609406318	0.02428658993687109	-0.002576114212187978	1	5																														41.001037999999994	68.92096199999996																		
0246_00048																																																																																																																																																				0	0	0	0	0	0	0	0	1	0	0	0	0	0	0	0	0	0	0	0																		11.742300851560938	16.011170817963052	-0.42176275526027857	0.39353151411860493	3.7005682685057417	12.952817479457385	0.9230769230769231	1.0990000000000002	465.6237185034491	0	7	3.5500000000000003		3	18	36	0	76	0	0	2.1605999999999983	4.668192359999993	123.7412	1	4	0	1	0	0	0	1	3	0	0	0	0.2731303058846295	184	3187	65	66.69818458551595	2.021157108651998	17.893071180766793	14.975409611439558	2.917661569327225	6.169925001442312		127.09000000000002	0.8888888888888888		0.47058823529411764	0.520020955762976	6.259677973790404	7.7249666225135245	2.112473971090738	9.130716730279332	26.945184271703557	5.650129119810138	13.197006624344091	7.3904878927130735	0.25	1.754477879102928	0	0	0	0	0	0	0	0	0	0	0	0	0	0	3	0	10	0	0	0	9	0	0	2	0	0	2	0	0	0	0	1	0	0	0	0	0	0	0	0	0	4	2	0	0	0	0	0	0	0	0	0	0	0	0	0	0	0	0	0	0	0	0	0	0	0	0	0	0	0	0	0	0	0	0	0	0	0	0	0	0	0	0	0	0	0	0	26.074074074074073	9.806122448979592	4.614645088928056	0.9230769230769231	5185.07	0.5151515151515151	889	24.12902755413791	15.478942057258276	15.403235275017215	12.979374139993249	10.670702404782087	9.538066149908804	6.66649604322354	4.864280957719478	20.372571197499663	13.007207499964075	12.212125331549709	10.78421435843961	8.954230867059167	7.335616094016088	5.307051575933747	3.978874967146354	8.451793033280607	13.9346567516144	23.609578489847937	6.851413014778938	11.657304639276921	18.257776247279942	3.5591204268714685	0.21407617506269555	1.3387529714022086	0.25364688940716357	2.59620976080608	0.21407617506269555	1.1274166138886477	0.2160345386356956	0	0	0.08333333333333333	0.36516388586145737	0.9969605586833482	0	0	0.08333333333333333	0.36516388586145737	0.8943603574468105	0	0	2	0	0	4	12	6	2	2771.4527531314407	3444.9907001124825	5423.185519928634	6099.803546823239	5556.21922853523	38.006794514522156	38.324915729156274	60.649122293161525	69.92611687577188	68.47965356730147	0.6141027986474338	-0.24575625199956666	-0.06756617679573829	0.10981793923547324	-0.12809466622268176	5	7																														49.58390099999999	80.34409899999997																		
0246_00050																																																																																																																																																				0	0	0	0	0	0	0	0	0	0	0	0	0	0	0	0	0	0	0	0																		11.715771025565338	16.007649860834032	-0.4208495728358818	0.3328205648590076	4.472838827163366	12.670727896242823	0.8095238095238095	1.7039999999999997	346.4612961575992	0	2	3.33		4	13	28	0	55	0	0	1.9523999999999997	3.811865759999999	96.22469999999998	0	4	0	1	0	0	0	1	3	0	0	0	0.21547341160338046	146	1305	53	51.21229672269597	2.048491868907839	10.040739157761113	10.040739157761113	0	5.807354922057604		74.60000000000001	1		0.5	0.16666666666666669	4.439191750381925	4.574516361730896	1.788854381999832	9.152369232604341	22.915794350318333	6.132761659368583	9.050330552353277	6.788339317661063	0.25	0.8586394358205235	0	0	0	0	0	0	0	0	0	0	0	0	0	0	2	0	8	0	1	0	5	0	0	3	0	0	2	0	0	0	0	0	0	0	0	0	0	0	0	0	0	2	2	0	0	0	0	0	0	0	0	0	0	0	0	0	0	0	0	0	0	0	0	0	0	0	0	0	0	0	0	0	0	0	0	0	0	0	0	0	0	0	0	0	0	0	0	18.367346938775512	6.269629629629629	2.587658721318779	0.8095238095238095	2764.04	0.68	477	17.98276318419594	11.808532855829327	11.71237469003122	10.571843551400013	9.445539995771684	7.614673243904741	5.679175761537588	4.309208373716517	15.331879636557781	9.86548586861856	9.41981525089991	8.437777133168881	7.326304344927114	5.60833927486248	4.12968341690055	3.0160320205480105	6.9366978880941295	12.965353039630687	20.320225284103905	5.464825527669613	9.699940831508313	14.149412816172278	2.757959466088234	0.23570226039551587	1.0449470410088872	0.19443432002973587	2.1464255735584223	0.2199132028137237	0.8424719094070484	0.16546654663779073	0	0	0.08333333333333333	0.38480574089441705	0.9706153810818778	0	0	0.08333333333333333	0.3490728560882854	0.7737294342529888	0	0	0	3	1	3	8	4	2	2224.879124750589	2808.222672479748	4507.3931614676985	4956.675986051618	4324.453088830292	28.097876142163784	29.328367908530254	47.324643839927944	56.431204852601454	55.98137965698845	0.43026600262840176	-0.10662515583156518	-0.14937015735062895	0.07453821655327711	0.03353101450009583	2	4																														34.71220999999999	60.171789999999966																		
0246_00051																																																																																																																																																				0	0	0	0	0	0	0	0	0	0	0	0	0	0	0	0	0	0	0	0																		11.742532330698557	16.00997847852006	-0.42101425424189076	0.3772824882903485	3.8881897530579264	12.610618797940905	0.9583333333333334	8.263	376.5735064586516	1	4	3.7699999999999996		2	15	30	0	67	0	0	5.158699999999999	26.612185689999986	107.68050000000001	1	4	0	1	0	0	0	1	3	0	0	0	0.15288425374346382	154	1772	53	55.21650366699453	2.045055691370168	7.308396708907834	7.308396708907834	0	5.906890595608519		57.53	1		0.5	0.520020955762976	7.547173698041816	6.022938959392613	2.112473971090738	13.497634103551706	25.32265565120436	7.312151116183132	7.277394883093447	5.835344626521852	0.25	0.4099138248797977	0	0	0	0	0	0	0	0	0	0	0	0	0	0	3	0	11	0	0	0	7	0	0	1	0	0	2	0	0	0	0	0	0	0	0	0	0	0	0	0	0	2	1	0	0	0	0	0	0	0	0	0	0	0	0	0	0	0	0	0	0	0	0	0	0	0	0	0	0	0	0	0	0	0	0	0	0	0	0	0	0	0	0	0	0	0	0	20.28	7.356269805341784	3.3361550456671862	0.9583333333333334	4198.03	0.6296296296296297	603	19.396976746569035	12.753691300962934	12.713300273275411	10.88754189892859	9.245188494262175	7.7690477420451485	5.681950978800573	4.492539561704358	17.622301958843188	11.652875426252537	11.22316862252898	10.211859307082861	8.763044222758067	7.0365766227900295	5.271712101086903	4.111483262428649	6.930127877232991	11.85923261934738	18.31994248925229	6.482128169365865	11.4271839563534	17.173877010927693	2.9521315814894016	0.23570226039551587	1.022341061775787	0.2032631323962854	2.4488573237410964	0.23570226039551587	1.022341061775787	0.2032631323962854	0	0	0.08333333333333333	0.3936345532609666	0.9760469218395453	0	0	0.08333333333333333	0.3936345532609666	0.9434736705754029	0	0	1	0	0	3	12	6	2	2401.6431247788473	2983.217395270124	4688.267749332869	5092.57001171877	4363.229449296524	29.323407106622838	30.996275931397694	49.1028369440712	54.328367908530254	49.328367908530254	0.2673017309933117	-0.11682441686135563	-0.011286847474782861	-0.005251622641642844	-2.7434943859823695e-4	2	3																														44.68627999999999	71.31771999999995																		
0246_00052																																																																																																																																																				0	0	0	0	0	0	0	0	0	0	0	0	0	0	0	0	0	0	0	0																		11.742421933955878	16.01018593513605	-0.421343261481891	0.3781286404706281	4.085205204876635	12.787555329798833	0.9565217391304348	5.186999999999999	378.54629398178145	1	3	3.55		2	14	30	0	65	0	0	3.600599999999995	12.964320359999965	104.59460000000001	1	4	0	1	0	0	0	1	3	0	0	0	0.2055636423688556	156	1669	56	55.04795842089853	2.038813274848094	9.882914615932792	9.882914615932792	0	5.906890595608519		77.76	0.8571428571428571		0.46153846153846156	0.520020955762976	6.065929541975926	7.098732808533922	2.112473971090738	9.266536102372182	24.151003002180015	6.0355248987437236	10.189806535621866	7.040615063469254	0.25	0.8403317819210029	0	0	0	0	0	0	0	0	0	0	0	0	0	0	3	0	9	0	0	0	8	0	0	1	0	0	2	0	0	0	0	0	0	0	0	0	0	0	0	0	0	3	1	0	0	0	0	0	0	0	0	0	0	0	0	0	0	0	0	0	0	0	0	0	0	0	0	0	0	0	0	0	0	0	0	0	0	0	0	0	0	0	0	0	0	0	0	20.28	7.052951388888889	3.0563265306122447	0.9565217391304348	3922.04	0.6296296296296297	559	19.560113453385565	12.674411604617962	12.82993374744362	11.11045288359867	9.682110680588815	7.953253128870385	5.934547258081847	4.45263731054579	17.232652261159675	11.254444350465102	10.96164932177838	9.999859516215771	8.577857263917117	6.835064561102523	5.088982365141069	3.8502830035089977	7.567885732901246	13.204848881863024	21.069073145741235	6.600520927803101	11.495940136990525	17.565081714701243	3.059714684257983	0.21407617506269555	1.2778431760034685	0.25364688940716357	2.443603374195274	0.21407617506269555	1.1099378201754309	0.21603453863569563	0	0	0.08333333333333333	0.37399269822800685	1.0016719477537257	0	0	0.08333333333333333	0.37399269822800685	0.9207872473599497	0	0	1	0	0	3	11	6	2	2415.3921383160155	3030.9087771606423	4837.87623143289	5371.573285618964	4691.440946214103	30.097876142163784	31.328367908530257	50.76702089833633	58.65673581706051	56.6530117484582	0.3423965657333467	-0.14115526891162203	-0.021983367278020326	-0.0012850845943567198	0.024054100077634453	3	4																														42.49986599999999	69.02613399999997																		
0246_00053																																																																																																																																																				0	0	0	0	0	0	0	0	0	0	0	0	0	0	0	0	0	0	0	0																		11.742436535414308	16.010186662975617	-0.4218823651328355	0.3773309888869533	3.888653640629291	12.641417917457888	0.9583333333333334	6.388999999999999	392.572911386221	1	4	3.6599999999999997		2	15	31	0	68	0	0	3.9892999999999965	15.914514489999972	109.2724	1	4	0	1	0	0	0	1	3	0	0	0	0.19821935996493653	160	1919	56	57.0459910208508	2.0373568221732428	9.891395230801676	9.891395230801676	0	5.954196310386876		77.76	1		0.5	0.520020955762976	6.913399874407859	6.6498759106250365	2.112473971090738	10.836077862331509	25.578962259540646	6.606466240641937	9.671658284323867	6.542142121315962	0.25	0.7626249510150408	0	0	0	0	0	0	0	0	0	0	0	0	0	0	3	0	10	0	0	0	8	0	0	1	0	0	2	0	0	0	0	0	0	0	0	0	0	0	0	0	0	3	1	0	0	0	0	0	0	0	0	0	0	0	0	0	0	0	0	0	0	0	0	0	0	0	0	0	0	0	0	0	0	0	0	0	0	0	0	0	0	0	0	0	0	0	0	21.240374609781476	7.601832569762599	3.4489795918367347	0.9583333333333334	4285.04	0.6071428571428571	624	20.26722023457211	13.164374903485893	13.258505795909453	11.253763557008794	9.707260547346271	8.180930315890144	6.0589649855465	4.5898008842266504	17.93975904234622	11.744407649333032	11.358437905700868	10.22536388763325	8.805879070568396	7.002358960249671	5.284282724051648	3.9887559714460643	7.2929896501845795	12.84371002560241	20.223680187477363	6.547341168301272	11.666568127863172	17.554361859947115	3.1613474047852685	0.23570226039551587	1.0608406615707215	0.19245008972987526	2.527780141980394	0.23570226039551587	1.0147751278623847	0.19245008972987526	0	0	0.08333333333333333	0.38480574089441705	0.9750297872651528	0	0	0.08333333333333333	0.38480574089441705	0.9207410351582487	0	0	1	0	0	3	12	6	2	2475.564208913195	3088.932789610366	4888.67558225068	5381.752096826456	4740.272032585207	31.097876142163784	32.328367908530254	51.767020898336334	58.324643839927944	55.98882779419307	0.34295324638752794	-0.13905389173991342	-0.014384529840659578	0.004993036473936335	-0.059137402195482455	3	4																														44.68627999999999	72.11971999999996																		
0246_00054																																																																																																																																																				0	0	0	0	0	0	0	0	0	0	0	0	0	0	0	0	0	0	0	0																		11.715152153019728	15.999023099401011	-0.42115985566062974	0.263083261072511	5.23464024321003	12.693869102706525	0.9259259259259259	8.553000000000003	402.6539537444009	1	5	4.21		2	16	32	0	75	0	0	6.024900000000003	36.29942001000004	122.4502	0	4	0	1	0	0	0	1	3	0	0	0	0.10055926932878152	166	2250	55	58.987165401381624	2.034040186254539	4.896339188753023	4.896339188753023	0	6		40.46	0.875		0.4666666666666667	1.546971742764065	11.005422149571372	6.691534394067127	3.722641033878864	15.301585299105966	24.5004461863362	9.111820590655377	6.496457355542058	5.941726349365249	0.48274469230281497	0.06666666666666665	0	0	0	0	0	0	0	0	0	0	0	0	0	0	5	0	11	0	1	0	6	0	0	1	0	0	3	0	0	0	0	0	0	0	0	0	0	0	0	0	0	2	0	0	0	0	0	0	0	0	0	0	0	0	0	0	0	0	0	0	0	0	0	0	0	0	0	0	0	0	0	0	0	0	0	0	0	0	0	0	0	0	0	0	0	0	0	22.203125	7.8477508650519034	3.975635370720437	0.9259259259259259	5272.02	0.5862068965517241	698	21.02673325856595	13.544295862713092	14.19499185093634	11.274425803600865	9.603330883332806	7.736543168800448	6.039250507030034	4.506318314357636	19.71405366837932	12.644056381150016	12.566279049735995	10.28618695570869	8.674817563020422	6.667913438960207	5.174623787862684	3.8009360589552608	7.3914527426381795	12.494522123903446	18.440240136284665	6.495499006611496	11.067231277878978	15.940286601684672	4.104543462805359	0.5892556509887896	1.022341061775787	0.2032631323962854	3.16995445409661	0.37802708582214267	0.9352194337309574	0.17955837819827095	0	0	0.08333333333333333	0.3936345532609666	0.9760469218395454	0	0	0.08333333333333333	0.3716481929095902	0.8631657654668152	0	0	0	1	1	5	12	6	2	2639.56214543129	3245.858000139923	5054.370338370246	5394.381068729584	4688.826822872173	30.548938071081892	32.66418395426513	52.66045988566282	55.99627593139769	50.99627593139769	0.15331603851206474	-0.03924714713440403	-0.045650141601733696	0.006064637182274657	0.009082877400216021	2	2																														50.28752199999999	79.79647799999996																		
0246_00055																																																																																																																																																				0	0	0	0	0	0	0	0	0	0	0	0	0	0	0	0	0	0	0	0																		11.741966980819393	16.010843191724803	-0.4216435344041288	0.37730639479331357	3.8916589925618683	12.828249173224428	0.9166666666666666	3.4859999999999998	406.5564348061388	0	4	3.55		2	15	32	0	67	0	0	2.847899999999993	8.11053440999996	109.96560000000002	1	4	0	1	0	0	0	1	3	0	0	0	0.23341509529288235	166	2045	60	58.87670877629486	2.030231337113616	12.47503849566612	12.47503849566612	0	6		94.83	1		0.5	0.520020955762976	5.9898171353189955	7.595417607874975	2.112473971090738	8.246189112526022	25.17624369734026	5.6248257797278844	12.707327252599493	7.568660575021997	0.25	1.300511351021694	0	0	0	0	0	0	0	0	0	0	0	0	0	0	3	0	9	0	0	0	8	0	0	2	0	0	2	0	0	0	0	0	0	0	0	0	0	0	0	0	0	3	2	0	0	0	0	0	0	0	0	0	0	0	0	0	0	0	0	0	0	0	0	0	0	0	0	0	0	0	0	0	0	0	0	0	0	0	0	0	0	0	0	0	0	0	0	22.203125	7.8477508650519034	3.4565376186997807	0.9166666666666666	4088.05	0.5862068965517241	637	21.137463722575188	13.58509520714092	13.720713290305053	11.827108913673092	9.957329243755826	8.87936308910316	6.354291689230594	4.678544169166663	18.140900551623538	11.698531794564964	11.227862716518954	10.087804686519757	8.412205902991925	6.849638855741107	4.9037415119843475	3.6534609034930217	8.043544742816742	13.554616923921484	23.027874628632162	6.511734289897528	11.042655199296986	17.14897239432797	3.2704452922766554	0.21407617506269555	1.3387529714022082	0.25364688940716357	2.447372757618427	0.20118446353109126	1.0702102504487019	0.19913573049155936	0	0	0.08333333333333333	0.36516388586145737	0.9969605586833483	0	0	0.08333333333333333	0.3534550109017245	0.8500347547423297	0	0	1	1	0	3	11	6	2	2538.687796084492	3187.2333405664654	5091.03092425475	5728.95489268691	5152.559674516025	32.87234517770473	33.66045988566282	54.431204852601454	63.6530117484582	62.64928767985589	0.4614618456635102	-0.16508430956322523	-0.04170962943794098	0.018081645242966488	0.019717888779608245	3	5																														43.457865999999996	71.58813399999995																		
0246_00056																																																																																																																																																				0	0	0	0	0	0	0	0	0	0	0	0	0	0	0	0	0	0	0	0																		11.74232326078811	16.010430634834808	-0.4221081174821409	0.3774102849054287	3.8895817699115143	12.704592232747235	0.9583333333333334	5.366000000000001	408.57231631379034	1	4	3.55		2	15	32	0	69	0	0	3.089899999999996	9.547482009999976	110.5571	1	4	0	1	0	0	0	1	3	0	0	0	0.24000240534383332	166	2060	60	58.87257972579454	2.0300889560618804	12.45122900324906	12.45122900324906	0	6		97.99000000000001	1		0.5	0.520020955762976	6.259305247960695	7.300462027108188	2.112473971090738	8.665923817244442	24.396183257911293	5.93982985588681	13.00597895177207	7.206436972456254	0.25	1.3707826701888748	0	0	0	0	0	0	0	0	0	0	0	0	0	0	3	0	9	0	0	0	9	0	0	1	0	0	2	0	0	0	0	0	0	0	0	0	0	0	0	0	0	4	1	0	0	0	0	0	0	0	0	0	0	0	0	0	0	0	0	0	0	0	0	0	0	0	0	0	0	0	0	0	0	0	0	0	0	0	0	0	0	0	0	0	0	0	0	22.203125	7.8477508650519034	3.4565376186997807	0.9583333333333334	4372.05	0.5862068965517241	643	21.13746372257519	13.591895258414459	13.677248822783028	11.88965006620098	10.025854149712403	8.726783294411312	6.2763979896920965	4.7408050088407485	18.257216125849258	11.852776624819134	11.450068632703209	10.299341562625386	8.766830858448133	7.07694000908201	5.207677824228792	3.9106752288296	7.924572486367408	13.727724278278844	22.701964003247873	6.667985976231938	11.710134768053466	17.966716921457483	3.28557367147266	0.23570226039551587	1.2031522262693357	0.19245008972987526	2.569531827429379	0.23570226039551587	1.0411897222264832	0.19245008972987526	0	0	0.08333333333333333	0.37759704578347697	0.9607476921576668	0	0	0.08333333333333333	0.37759704578347697	0.8927131765110282	0	0	1	0	0	3	12	6	2	2556.9917470101273	3207.0730666137765	5117.654529771377	5748.660679648041	5173.1850944252565	32.87234517770473	33.660459885662824	54.431204852601454	64.09538880686658	62.64928767985589	0.4341024995700424	-0.14966057158591692	-0.08145850471783236	0.05037006300134791	-0.0484879990350596	4	5																														44.686279999999996	72.92171999999997																		
0246_00058																																																																																																																																																				0	0	0	0	0	0	0	0	0	0	0	0	0	0	0	0	0	0	0	0																		11.742531850823775	31.97884924706579	-0.4213659025928818	0.4498883154679898	4.9274302528136	12.674448425244291	0.9615384615384616	6.941000000000001	483.7062800765692	1	8	3.5500000000000003		3	19	36	0	78	0	0	3.7977999999999983	14.423284839999987	129.3333	1	4	0	1	0	0	0	1	3	0	0	0	0.23190476341589486	184	3486	60	66.80775869858063	2.024477536320625	18.268427306462513	12.114391353455273	2.948881605346456	6.169925001442312		112.08000000000001	1		0.5	0.520020955762976	8.006249968855043	6.022938959392613	2.112473971090738	15.734746777240936	26.44221391992908	7.267647092754314	7.277394883093447	5.835344626521852	0.25	1.5312675213003095	0	0	0	0	0	0	0	0	0	0	0	0	0	0	3	0	13	0	0	0	7	0	0	1	0	0	2	0	0	0	0	1	0	0	0	0	0	0	0	0	0	2	3	0	0	0	0	0	0	0	0	0	0	0	0	0	0	0	0	0	1	0	0	0	0	0	0	0	0	0	0	0	0	0	0	0	0	0	0	0	0	0	0	0	0	0	0	26.074074074074073	9.806122448979592	5.259313367421475	0.9615384615384616	5505.07	0.5151515151515151	959	24.01829709012867	15.438142712830446	15.877513835648504	12.426691029921026	10.321564396125884	8.357861022517143	6.412025313895259	4.779834645715302	20.965002163506107	13.738942409919645	12.857704535036172	11.086911241405048	9.268314290348838	7.344121123246066	5.539673486703206	4.281609075571517	7.799701033102043	12.879422303363192	18.955286729283984	6.701279454495576	11.606637111182387	17.303701268520715	4.393218597400173	0.5892556509887896	1.0223410617757869	0.2032631323962854	2.7322303056929855	0.2679569687170235	1.0223410617757869	0.2032631323962854	0	0	0.08333333333333333	0.3936345532609666	0.9760469218395453	0	0	0.08333333333333333	0.3936345532609666	0.9434736705754029	0	0	1	0	0	5	12	6	2	2865.7281140583486	3474.452539226635	5330.745624635507	5638.3224207048	4943.812554822728	43.36007851743122	46.33553138013576	62.871569637398714	64.60428104413054	59.824719837463526	0.4594728601310222	-0.1946164896105455	0.02068977952009377	-0.0935183718704998	0.11232927741065114	3	6																														57.28831499999999	83.77568499999997																		
0246_00059																																																																																																																																																				0	0	0	0	0	0	0	0	0	0	0	0	0	0	0	0	0	0	0	0																		11.742412304687127	31.978849315416426	-0.42168010303047776	0.4499209354254269	4.931122274521035	12.905108451335998	0.9615384615384616	4.434	499.7056850041386	0	8	3.4400000000000004		3	19	37	0	79	0	0	2.695899999999994	7.267876809999969	130.8484	1	4	0	1	0	0	0	1	3	0	0	0	0.26499270719721174	190	3681	64	68.63958660898957	2.0188113708526347	20.842151193850725	14.688182886597335	2.9488194531247562	6.20945336562895		132.31	1		0.5	0.520020955762976	7.131383725995581	6.949060755165436	2.112473971090738	12.889336401165785	26.86909660253496	6.315098806427875	9.763685728496458	6.908518168455544	0.25	1.97944630582488	0	0	0	0	0	0	0	0	0	0	0	0	0	0	3	0	12	0	0	0	8	0	0	1	0	0	2	0	0	0	0	1	0	0	0	0	0	0	0	0	0	3	3	0	0	0	0	0	0	0	0	0	0	0	0	0	0	0	0	0	1	0	0	0	0	0	0	0	0	0	0	0	0	0	0	0	0	0	0	0	0	0	0	0	0	0	0	27.04601899196494	10.045184304399525	5.217619986850756	0.9615384615384616	5602.08	0.5	982	24.88854057813175	15.858863016485474	16.33579531861082	13.005771207034375	10.648059616472695	8.903712411276024	6.654650402828303	4.866669764999638	21.282459247009143	13.840511334132207	12.930736223648452	11.191860588907247	9.217761508420368	7.393267205398673	5.4638771402465585	4.1536453073196355	8.521015666148305	13.89171080613965	21.697581051060464	6.876863496235486	11.70166187864614	17.91295494467493	4.500801700168754	0.5676295656559693	1.2778431760034685	0.25364688940716357	2.726976356147163	0.24633088338420323	1.1099378201754306	0.2160345386356956	0	0	0.08333333333333333	0.3739926982280069	1.0016719477537257	0	0	0.08333333333333333	0.3739926982280069	0.9207872473599495	0	0	1	0	0	5	12	6	2	2950.869085209739	3598.388312894464	5570.896938434535	6028.638197223873	5385.004398426225	45.134547552972165	47.667623357268326	65.53575359166385	69.9326489526608	66.48517972312635	0.5347500848257701	-0.2189449847592341	0.009452950851410938	-0.09442491443819424	0.1200015070872955	4	7																														57.28831499999999	84.57768499999997																		
0246_00061																																																																																																																																																				0	0	0	0	0	0	0	0	0	0	0	0	0	0	0	0	0	0	0	0																		11.832305380476717	16.011919544063435	-0.45483809224326716	0.46584530169401545	3.8598706094731545	9.298257407760524	0.8181818181818182	-0.17900000000000008	231.28917361232314	0	8	2.12	4	3	9	15	2	37	0	0	-1.0167000000000004	1.0336788900000007	55.6349	1	0	0	0	0	0	0	0	0	0	0	0	0.2873927986919665	70	477	16	29.934896868112663	1.8709310542570414	13.492781430200777	10.269056539516264	3.2237248906845153	4.906890595608519		66.43	1		0.5	1.5	4.114793897893719	2.766836451390925	0	1.9692593638364124	5.269748525465825	0	1.1905507889761497	0	0	0.7211247851537042	0.944940787421155	0	0	0	0	0	0	0	0	0	0	0	0	0	4	0	4	0	0	0	1	0	0	2	0	0	0	0	0	0	0	0	0	0	0	0	0	0	0	0	1	0	2	1	0	0	0	0	0	0	0	0	0	0	0	0	0	0	0	0	0	0	0	0	0	0	0	0	0	0	0	0	0	0	0	0	0	0	0	0	0	0	0	0	0	0	0	16	7.35	9.953125	0.8181818181818182	1056.05	0	191	12.767584713501616	7.242200722131878	7.389907941821929	3.222962099232046	2.9752697857360615	1.4501598783020935	1.5117554042802686	0.3110042339640732	10.337629046513953	6.200105182951775	6.120325256737844	2.2512415808426014	1.7104686089139929	0.7960948795477422	0.47477080791737103	0.1471896362490884	1.5566298410013903	2.890125871891149	2.7702479231992103	1.1428972248541853	1.8210117161811599	1.5468998126629876	2.4617077420704288	0.35355339059327373	0	0	2.3838834764831844	0.5	0	0	0	0	0	0	0	0	0	0	0	0	0	0	2	0	0	2	4	0	0	752.5583691582339	796.5679373633425	985.9986091262817	834.5987233912355	910.4095407553101	19.457856443440264	17.325187618384607	23.707671867057726	18.71219539304245	24.87012973163586	0.6631830851836149	-0.3600131031055911	0.04623579590897721	-0.036788046162236625	-0.06481380188421595	0	4																														30.387346999999995	37.67065300000001																		
0246_00062																																																																																																																																																				0	0	0	0	0	0	0	0	0	0	0	0	0	0	0	0	0	0	0	0																								0.7692307692307693	-1.3960000000000001	289.32533676868957	1	11	2.1199999999999997	6	3	12	19	3	43	0	0	-2.085299999999999	4.348476089999995	64.22449999999999	2	0	0	0	0	0	0	0	0	0	0	0	0.3685252112005231	88	20000000950	20	38.76581539341865	1.8459912092104118	19.311851541303632	15.086836149210294	3.2250153920933484	5.247927513443585		106.56	999.000999000999		0.999000000999	1.5000000000000004	3.3470372272271325	2.2930627012904803	0	4.945079426037879	7.751673849316697	0	1.4490370645106372	0	0	1.579745288299347	1.147891374898585	0	0	0	0	0	0	0	0	0	0	0	0	0	3	0	6	0	0	0	1	0	0	3	0	0	0	0	0	0	0	0	0	0	0	0	0	0	0	0	1	0	3	1	0	0	0	0	0	0	0	0	0	0	0	0	0	0	0	0	0	0	0	0	0	0	0	0	0	0	0	0	0	0	0	0	0	0	0	0	0	0	0	0	0	0	0	23.26869806094183	11.552	16.2	0.7692307692307693	1301.07	0	-654705702	15.75914854506434	9.098042769788446	9.27953670772064	4.169885524290722	3.5278556434973307	2.0340501892791867	1.830790998009117	0.686580339356112		7.050675937590432	6.721769605221798	2.7068570440518416	1.9728508146281711	0.9944290900394785	0.5563723766943304	0.2096896362490884	1.8453049755962032	3.0344634391885554	2.982129766248159	1.1428972248541853	1.8088078320639325	1.5606872302160808	2.869956032534292	0.35355339059327373	0	0	2.3838834764831844	0.5	0	0	0	0	0	0	0	0	0	0	0	0	0	0	3	0	0	1	6	0	0	910.3184662949161	967.3472275253785	1183.0502515887188	1025.407678570629	1112.7379705008168	25.013837078090535	21.989371572649723	30.146324856863792	23.376379347307573	29.534313685900987	0.9309550848919148	-0.4958115916539519	0.057410937607833244	-0.024803343197681238	-0.010761689715631469	0	6																														33.396553999999995	44.128238999999986																		
0246_00063																																																																																																																																																				0	0	0	0	0	0	0	0	0	0	0	0	0	0	0	0	0	0	0	0																		11.72810152921957	16.009874506389366	-0.37729087707277653	0.40199955695129796	4.278432189153386	7.918551737673092	0.5833333333333334	4.345	196.2864556931106	0	8	2.56	10	7	13	13	0	34	0	0	3.762400000000001	14.155653760000007	61.2797	0	0	0	0	0	0	0	0	0	0	0	0	0.1340835691120841	52	428	12	26.65168079238261	1.9036914851701865	5.315558076738581	5.315558076738581	0	4.700439718141093		26.3	1		0.5	0.08333333333333334	3.6517353939347275	0.3849001794597506	0	11.862102512148654	2.5648987714556735	0	0	0	0	0	0.4999999999999999	0	0	0	0	0	0	0	0	0	0	0	0	0	2	0	5	0	4	0	0	0	0	1	0	0	0	0	0	0	0	0	0	0	0	0	0	0	0	0	0	0	1	1	0	0	0	0	0	0	0	0	0	0	0	0	0	0	0	0	0	0	0	0	0	0	0	0	0	0	0	0	0	0	0	0	0	0	0	0	0	0	0	0	0	0	0	14	11.076923076923077	11	0.5833333333333334	907.02	0	235	10.648418081055103	6.808060412490448	4.803842328271808	3.0819512300735075	2.087042908137443	1.1466380477393472	0.7224071914746781	0.44831902386967354	9.161431563618969	5.308060412490448	3.035099317924362	1.7404423511734481	1.0114755590440159	0.5118027693690899	0.27439764381974585	0.14559035359268443	0.4082482904638631	0.49279927982674443	0.348461712529338	0.06179846864976636	0.06970005338243784	0.04024134458288177	0.2886751345948129	0	0	0	0.048112522432468816	0	0	0	0	0	0	0	0	0	0	0	0	0	0	0	1	4	0	3	4	0	0	618.2994410142229	602.0694953834261	590.8401990837244	543.52595315085	487.0558073422741	15.548938071081892	13.99627593139769	14.770744966938636	12.996275931397692	11.996275931397692	0.2742773495644699	-0.18448020291196335	0.07418250992590264	-0.024455813651122375	-0.009456441094194062	0	2																														24.738139999999994	36.05986																		
0246_00065																																																																																																																																																				0	0	0	0	0	0	0	0	0	0	0	0	0	0	0	0	0	0	0	0																		11.753757931732254	16.011928566643984	-0.45483145989162715	0.46600886833850097	3.8750951902530626	9.386925610738228	0.7894736842105263	4.261999999999999	341.4862313401882	1	15	3	12	5	17	23	2	59	0	0	2.609700000000003	6.810534090000014	93.6113	1	0	0	0	0	0	0	0	0	0	0	0	0.19466289669238185	102	1817	24	45.93244636146715	1.913851931727798	13.554819605256032	10.329662091166501	3.225157514089533	5.523561956057013		66.43	1		0.5	1.0606601717798214	6.5020252349522885	2.151775650970193	0	16.58023864466661	6.854995888778476	0	1.1905507889761497	0	0	0.7211247851537042	0.944940787421155	0	0	0	0	0	0	0	0	0	0	0	0	0	4	0	10	0	2	0	1	0	0	2	0	0	0	0	0	0	0	0	0	0	0	0	0	0	0	0	1	0	2	1	0	0	0	0	0	0	0	0	0	0	0	0	0	0	0	0	0	0	0	0	0	0	0	0	0	0	0	0	0	0	0	0	0	0	0	0	0	0	0	0	0	0	0	24	14.198979591836734	17.645833333333332	0.7894736842105263	2812.05	0	587	18.424438962994	11.242200722131878	10.218335066568118	5.241964500462438	4.285929957515884	2.565880489263644	2.2468184634168846	0.8598277221993531	15.734970272012493	9.87680855075051	8.629716787755187	4.0101035801989	2.863930380196264	1.5882558654097725	0.9311027703896753	0.4370416873606418	1.5566298410013903	2.830339293956624	2.8377921989507526	1.1227654228710855	1.7744933626474804	1.5092318874027701	2.4617077420704288	0.35355339059327373	0	0	2.373070433816774	0.5	0	0	0	0	0	0	0	0	0	0	0	0	0	0	2	2	0	2	10	0	0	1236.0019783106359	1283.1931578490562	1480.4631354676703	1335.54234158435	1425.6873328134118	27.457856443440264	25.325187618384604	31.70767186705772	26.712195393042443	32.87012973163586	0.6677967538073994	-0.38047417463754474	0.059725212940728196	-0.009652006911265974	-0.0883234663760733	0	4																														45.69224499999999	61.085754999999985																		
0246_00066																																																																																																																																																				0	0	0	0	0	0	0	0	0	0	0	0	0	0	0	0	0	0	0	0																		11.806220502912074	16.011928385826188	-0.45483809018139765	0.46592891400426945	3.869763474536165	9.350670749288946	0.8947368421052632	4.3729999999999976	343.50211284783984	1	16	3	12	3	17	23	2	61	0	0	2.632900000000003	6.932162410000015	92.4429	1	0	0	0	0	0	0	0	0	0	0	0	0.19351986146873812	102	1817	24	45.93244636146715	1.913851931727798	13.554819605256032	10.329662091166501	3.225157514089533	5.523561956057013		66.43	1		0.5	1.0606601717798214	6.5020252349522885	2.151775650970193	0	16.58023864466661	6.854995888778476	0	1.1905507889761497	0	0	0.7211247851537042	0.944940787421155	0	0	0	0	0	0	0	0	0	0	0	0	0	4	0	12	0	0	0	1	0	0	2	0	0	0	0	0	0	0	0	0	0	0	0	0	0	0	0	1	0	2	1	0	0	0	0	0	0	0	0	0	0	0	0	0	0	0	0	0	0	0	0	0	0	0	0	0	0	0	0	0	0	0	0	0	0	0	0	0	0	0	0	0	0	0	24	14.198979591836734	17.645833333333332	0.8947368421052632	3048.05	0	587	18.424438962994	11.242200722131878	10.218335066568118	5.241964500462438	4.285929957515884	2.565880489263644	2.2468184634168846	0.8598277221993531	15.994483296006337	10.200105182951775	8.948752381484034	4.281571666732513	3.086342202759289	1.7710630966764511	1.0930479964743327	0.5660718027548292	1.5566298410013903	2.830339293956624	2.8377921989507526	1.142897224854185	1.8088078320639327	1.560687230216081	2.4617077420704288	0.35355339059327373	0	0	2.3838834764831844	0.5	0	0	0	0	0	0	0	0	0	0	0	0	0	0	2	0	0	2	12	0	0	1223.1040700945186	1269.1816335799058	1464.6935760360564	1318.9311164757698	1407.5372059872238	27.457856443440264	25.325187618384604	31.70767186705772	26.712195393042443	32.87012973163586	0.6631830616218998	-0.3600132880697423	0.04623436887397635	-0.03679069473409297	-0.0648004609780642	0	4																														47.87865899999999	62.41934099999999																		
0246_00067																																																																																																																																																				0	0	0	0	0	0	0	0	0	0	0	0	0	0	0	0	0	0	0	0																		11.742420180855156	16.01018666150872	-0.4213098554054684	0.37733146957418384	3.889117854350347	12.672543322716988	0.9583333333333334	6.177999999999999	392.572911386221	1	4	3.6599999999999997		2	15	31	0	68	0	0	3.9892999999999965	15.914514489999972	109.2724	1	4	0	1	0	0	0	1	3	0	0	0	0.19821935996493653	160	1910	56	57.04496028226154	2.0373200100807694	9.903013015917637	9.903013015917637	0	5.954196310386876		77.76	1		0.5	0.520020955762976	6.892779863580215	6.671983308152655	2.112473971090738	10.741844655705206	25.3939163164755	6.645487511395998	9.95693331020653	6.499473355210593	0.25	0.7636804931731239	0	0	0	0	0	0	0	0	0	0	0	0	0	0	3	0	10	0	0	0	8	0	0	1	0	0	2	0	0	0	0	0	0	0	0	0	0	0	0	0	0	3	1	0	0	0	0	0	0	0	0	0	0	0	0	0	0	0	0	0	0	0	0	0	0	0	0	0	0	0	0	0	0	0	0	0	0	0	0	0	0	0	0	0	0	0	0	21.240374609781476	7.601832569762599	3.4489795918367347	0.9583333333333334	4285.04	0.6071428571428571	622	20.26722023457211	13.164374903485893	13.262431807342736	11.248028736559741	9.624059437408363	8.385039785886804	6.004119968650315	4.628482318392964	17.93975904234622	11.744407649333032	11.362363917134148	10.229285553362462	8.72780439972594	7.113093989555365	5.211930663459654	4.009882143101443	7.322230109770482	12.530022408837624	20.401146694272555	6.58713558566343	11.469126050203524	17.594002243041228	3.162862189508074	0.23570226039551587	1.0832508571745265	0.2032631323962854	2.529294926703199	0.23570226039551587	1.0398198554890035	0.2032631323962854	0	0	0.08333333333333333	0.38480574089441705	0.9701899368714092	0	0	0.08333333333333333	0.38480574089441705	0.9159011847645051	0	0	1	0	0	3	12	6	2	2479.509348930461	3095.365269006923	4904.04915143126	5406.7786568648935	4779.367200769585	31.097876142163784	32.328367908530254	51.76702089833633	58.324643839927944	55.98882779419307	0.3425901655883744	-0.14066595376469593	-0.021473965231194048	0.002844406049938993	0.01173633458983788	3	4																														44.68627999999999	72.11971999999996																		
0246_00068																																																																																																																																																				0	0	0	0	0	0	0	0	0	0	0	0	0	0	0	0	0	0	0	0																		11.715152151351	15.999017757822864	-0.42303477187933236	0.2618854864253781	4.308391720422379	12.690237475758119	0.9259259259259259	8.542000000000002	402.65395374440095	1	6	4.21		2	17	32	0	75	0	0	6.2179	38.66228041	122.4672	0	4	0	1	0	0	0	1	3	0	0	0	0.10055926932878152	162	2276	56	59.21016839071126	2.041729944507285	4.940827940668761	4.940827940668761	0	6		40.46	1		0.5	0.8660254037844388	10.139222116375768	6.973346605887735	2.1245097738940237	16.69014624443019	27.058312364831053	7.4825552963284725	6.999128773059463	5.731361986286214	0.25	0.0625	0	0	0	0	0	0	0	0	0	0	0	0	0	0	4	0	12	0	1	0	7	0	0	1	0	0	2	0	0	0	0	0	0	0	0	0	0	0	0	0	0	2	0	0	0	0	0	0	0	0	0	0	0	0	0	0	0	0	0	0	0	0	0	0	0	0	0	0	0	0	0	0	0	0	0	0	0	0	0	0	0	0	0	0	0	0	0	22.203125	8.501457725947521	3.862857142857143	0.9259259259259259	5272.02	0.5862068965517241	737	20.811190308942127	13.79169610342372	13.186426819737735	11.741495958421583	9.641375712785957	7.8007838560079374	5.967963059014719	4.579556241992764	19.498510718755494	12.776970808940952	12.080265825993479	10.506203917304374	8.697745093951594	6.708784807464286	5.146262583560376	3.8408318970814186	7.134252022464922	12.062653750542871	18.194063940415976	6.355115798967029	10.856161960913857	15.824879367062193	2.832558425620351	0.23570226039551587	1.0223410617757869	0.2032631323962854	2.5652416343313313	0.2199132028137237	0.9352194337309573	0.17955837819827097	0	0	0.08333333333333333	0.3936345532609666	0.9760469218395453	0	0	0.08333333333333333	0.3716481929095902	0.8631657654668151	0	0	0	1	1	5	12	6	2	2623.236302377893	3220.4656959640224	4974.218925018046	5402.857062535923	4668.15181618282	30.548938071081892	32.66418395426513	49.99627593139769	57.328367908530254	50.99627593139769	0.16599243787799006	-0.05697094870848232	-0.03346212691045574	0.005268102389397586	0.009077007977728173	2	2																														50.28752199999999	79.79647799999996																		
0246_00069																																																																																																																																																				0	0	0	0	0	0	0	0	0	0	0	0	0	0	0	0	0	0	0	0																		11.742301278483758	16.010427820957972	-0.42142836061441485	0.3773964591551916	3.8928311231300325	12.901404284335827	0.9583333333333334	4.093	408.57231631379034	0	4	3.55		2	15	32	0	69	0	0	2.8873999999999946	8.337078759999969	110.78750000000001	1	4	0	1	0	0	0	1	3	0	0	0	0.24000240534383332	166	2045	60	58.87670877629486	2.030231337113616	12.47503849566612	12.47503849566612	0	6		97.99000000000001	1		0.5	0.520020955762976	5.9898171353189955	7.595417607874975	2.112473971090738	8.246189112526022	25.17624369734026	5.6248257797278844	12.707327252599493	7.568660575021997	0.25	1.300511351021694	0	0	0	0	0	0	0	0	0	0	0	0	0	0	3	0	9	0	0	0	9	0	0	1	0	0	2	0	0	0	0	0	0	0	0	0	0	0	0	0	0	4	1	0	0	0	0	0	0	0	0	0	0	0	0	0	0	0	0	0	0	0	0	0	0	0	0	0	0	0	0	0	0	0	0	0	0	0	0	0	0	0	0	0	0	0	0	22.203125	7.8477508650519034	3.4565376186997807	0.9583333333333334	4372.05	0.5862068965517241	637	21.13746372257519	13.58509520714092	13.720713290305055	11.827108913673092	9.957329243755831	8.879363089103157	6.3542916892305925	4.678544169166663	18.257216125849258	11.845976573545597	11.435395605746429	10.334234900864663	8.684026203798128	7.1440377658737075	5.157925905398564	3.874297225715923	8.043544742816746	13.554616923921486	23.027874628632162	6.762719627403341	11.576456829974688	18.169769033973605	3.270445292276656	0.21407617506269555	1.3387529714022082	0.25364688940716357	2.5240409771573766	0.21407617506269555	1.1274166138886474	0.2160345386356956	0	0	0.08333333333333333	0.36516388586145737	0.9969605586833484	0	0	0.08333333333333333	0.36516388586145737	0.8943603574468105	0	0	1	0	0	3	12	6	2	2564.7036944889705	3219.4818348012386	5145.058030026681	5799.378491095326	5223.859443942542	32.87234517770473	33.660459885662824	54.431204852601454	63.6530117484582	62.64928767985589	0.41774265424393087	-0.16462613879615354	-0.029250047900131245	0.014413270554458553	0.025673773273591542	4	5																														44.686279999999996	72.92171999999997																		
0246_00070																																																																																																																																																				0	0	0	0	0	0	0	0	0	0	0	0	0	0	0	0	0	0	0	0																		11.742419715399414	31.978849315416436	-0.42164586477436844	0.44991773501324217	4.928352953316521	12.735720110328954	0.9615384615384616	4.856	499.7056850041386	0	8	3.4400000000000004		3	19	37	0	79	0	0	2.628399999999996	6.90848655999998	130.9252	1	4	0	1	0	0	0	1	3	0	0	0	0.26499270719721174	190	3702	63	68.63620766726345	2.018711990213631	20.863123882655167	14.709102877728897	2.948867871203672	6.20945336562895		132.31	1		0.5	0.520020955762976	7.352366944015348	6.671983308152655	2.112473971090738	12.973936907348312	26.587621834072007	6.610894130067914	9.95693331020653	6.499473355210593	0.25	1.9276267714704896	0	0	0	0	0	0	0	0	0	0	0	0	0	0	3	0	12	0	0	0	8	0	0	1	0	0	2	0	0	0	0	1	0	0	0	0	0	0	0	0	0	3	3	0	0	0	0	0	0	0	0	0	0	0	0	0	0	0	0	0	1	0	0	0	0	0	0	0	0	0	0	0	0	0	0	0	0	0	0	0	0	0	0	0	0	0	0	27.04601899196494	10.045184304399525	5.354022600775847	0.9615384615384616	5602.08	0.5	986	24.88854057813175	15.848826315353406	16.426645369715825	12.787177867552176	10.700435339272074	8.973853066358794	6.734194303744999	4.91577740240391	21.282459247009143	13.83047463300014	12.996899829641338	11.104337487684655	9.233074467316706	7.420638490011398	5.479892049075959	4.180007956244315	8.191803265639528	13.55021209285344	21.036490934304254	6.806286870793141	11.648579205032515	17.723826500634257	4.603949205418846	0.5892556509887896	1.0832508571745265	0.2032631323962854	2.8126679086550883	0.2679569687170235	1.0398198554890032	0.2032631323962854	0	0	0.08333333333333333	0.38480574089441705	0.9701899368714093	0	0	0.08333333333333333	0.38480574089441705	0.9159011847645051	0	0	1	0	0	5	12	6	2	2943.7581345387775	3586.847613453424	5547.034572084495	5953.4321190294	5361.728135636589	45.134547552972165	47.667623357268326	65.53575359166385	68.60055697552824	66.48517972312635	0.5349398723267493	-0.2184498210858933	0.010467096535376143	-0.08540764351423047	0.12424795362257306	4	7																														57.28831499999999	84.57768499999997																		
0246_00071																																																																																																																																																				0	0	0	0	0	0	0	0	0	0	0	0	0	0	0	0	0	0	0	0																		11.732051819456235	16.011937504930373	-0.4548380889732948	0.46604706598829754	3.870561961067602	9.355902656714955	0.6296296296296297	7.42800000000001	447.65152605275006	2	20	3.88	20	3	25	31	2	77	0	0	4.504100000000005	20.286916810000044	133.7173	1	0	0	0	0	0	0	0	0	0	0	0	0.1485017288992887	134	4693	32	61.932436789175576	1.9353886496617367	13.555061941877343	10.329898831602636	3.2251631102747087	5.954196310386876		66.43	1		0.5	0.8660254037844388	7.509050730013703	1.9062983379572525	0	33.58760474953085	7.271019975589105	0	1.1905507889761497	0	0	0.7211247851537042	0.944940787421155	0	0	0	0	0	0	0	0	0	0	0	0	0	4	0	12	0	8	0	1	0	0	2	0	0	0	0	0	0	0	0	0	0	0	0	0	0	0	0	1	0	2	1	0	0	0	0	0	0	0	0	0	0	0	0	0	0	0	0	0	0	0	0	0	0	0	0	0	0	0	0	0	0	0	0	0	0	0	0	0	0	0	0	0	0	0	32	21.52777777777778	25.48828125	0.6296296296296297	4784.05	0	1179	24.08129321248638	15.242200722131878	13.046762191314308	7.241964500462439	5.700143519888979	3.5658804892636446	2.9539252446034303	1.3598277221993533	20.613285449523342	12.799424839996012	10.351060562057967	5.006316538124103	3.431538721269013	1.8959596547775477	1.1274010434449497	0.5702610232677876	1.5566298410013903	2.830339293956624	2.8377921989507526	1.142897224854185	1.8088078320639325	1.5568642423187415	2.4617077420704288	0.35355339059327373	0	0	2.3838834764831844	0.5	0	0	0	0	0	0	0	0	0	0	0	0	0	0	2	8	0	2	12	0	0	1735.8132767296017	1781.7702948120102	1977.431179640644	1831.6719681991617	1920.3911656067282	35.457856443440264	33.3251876183846	39.70767186705772	34.71219539304244	40.87012973163585	0.6785767742347558	-0.3655776188144244	0.04142003508934015	-0.02374233142934859	-0.09283271372675048	0	4																														56.62431499999999	81.83368499999996																		
0246_00073																																																																																																																																																				0	0	0	0	0	0	0	0	0	0	0	0	0	0	0	0	0	0	0	0																		11.835153500263226	16.009970017247184	-0.4552178418153138	0.46550441335402515	3.7005427613500608	8.953113835853747	0.8571428571428571	-1.741	161.19918057464707	0	4	1.79	4	2	7	10	2	26	0	0	-2.5188999999999995	6.344857209999997	37.255500000000005	1	0	0	0	0	0	0	0	0	0	0	0	0.3746620372917182	48	170	9	20.0926261730832	1.8266023793712	10.400752965861168	7.20876907054426	3.191983895316905	4.321928094887363		60.36	1		0.5	1.5000000000000004	2.121320343559643	1.5491933384829668	0	0.4999999999999999	3.0393427426063697	0	0.4999999999999999	0	0	0.944940787421155	0	0	0	0	0	0	0	0	0	0	0	0	0	0	3	0	2	0	0	0	1	0	0	1	0	0	0	0	0	0	0	0	0	0	0	0	0	0	0	0	1	1	1	0	0	0	0	0	0	0	0	0	0	0	0	0	0	0	0	0	0	0	0	0	0	0	0	0	0	0	0	0	0	0	0	0	0	0	0	0	0	0	0	0	0	0	0	11	4.13265306122449	7.901234567901234	0.8571428571428571	515.04	0	94	9.068914100752348	4.810349069553741	5.49950514304716	1.8346075960783468	1.9334563250457124	0.41666666666666663	0.49999999999999994	0	7.05413249871309	4.253693350059735	4.912280696948717	1.5182069874382185	1.1979262076563775	0.347852884514564	0.125	0	1.1590789300553836	2.5015575784410147	1.6981410810882234	1.0218622191387567	1.6342030439574327	1.0688356258947822	2.257583596838497	0.35355339059327373	0	0	2.3362062260601277	0.5	0	0	0	0	0	0	0	0	0	0	0	0	0	0	1	0	0	1	2	0	0	471.86194470849637	491.27649522949235	604.281059427979	397.76004903710964	386.6133038964847	13.683387407899318	11.661003664119471	16.269018877251646	10.715919461644754	14.37557988992516	0.47845193073936	-0.2198080871133836	-0.0032188952714495393	-0.07226304781835538	-0.06488127593289	1	3																														20.954105000000002	25.827894999999998																		
0246_00074																																																																																																																																																				0	0	0	0	0	0	0	0	0	0	0	0	0	0	0	0	0	0	0	0																		11.814045650681203	16.011919677974273	-0.4548377017751746	0.4658644542185558	3.869804356520534	9.350905822427325	0.8181818181818182	-0.4550000000000002	231.28917361232317	0	7	2.12	4	3	8	15	2	37	0	0	-1.0104000000000004	1.0209081600000007	55.6084	1	0	0	0	0	0	0	0	0	0	0	0	0.2873927986919665	72	464	17	29.76960604240074	1.8606003776500462	13.452699322381502	10.229900032195927	3.222799290185577	4.906890595608519		66.43	0.75		0.42857142857142855	2.3579206056414117	2.8150427993736735	5.4315526649314085	0	0.4999999999999999	3.746748297500992	0	2.406851949670727	0	0	0.7211247851537042	0.944940787421155	0	0	0	0	0	0	0	0	0	0	0	0	0	5	0	2	0	0	0	2	0	0	2	0	0	0	0	0	0	0	0	0	0	0	0	0	0	0	0	1	0	2	1	0	0	0	0	0	0	0	0	0	0	0	0	0	0	0	0	0	0	0	0	0	0	0	0	0	0	0	0	0	0	0	0	0	0	0	0	0	0	0	0	0	0	0	16	6.666666666666667	8.816608996539792	0.8181818181818182	1056.05	0	170	12.930721420318147	7.114879522194053	7.7173619117535806	3.548974969089474	2.5935327320218273	1.5272433920425876	1.4052349241144415	0.5108973568170352	10.500765753330484	6.082820684146018	6.4720529209177995	2.253230004812345	1.5618755767383166	0.833233573717522	0.4321501324020393	0.22376600026489119	2.3623619071106274	2.917854764670325	3.2212547487960257	1.426914950353761	1.8624109374365632	1.712292077127464	2.7420682012044653	0.35355339059327373	0.23570226039551587	0	2.661745568411587	0.5	0.048112522432468816	0	0	0	0	0	0	0	0	0	0	0	0	0	2	0	0	3	2	1	0	773.5826946583253	826.3805147463382	1046.4331198618777	884.4570843625489	922.056299456055	19.457856443440264	17.325187618384607	24.707671867057723	20.37637934730758	23.205945777370733	0.6612395064845652	-0.36154122535681626	0.05462317623518517	-0.04469120551576927	-0.06518426104150316	0	4																														30.387346999999995	37.67065300000001																		
0246_00075																																																																																																																																																				0	0	0	0	0	0	0	0	0	0	0	0	0	0	0	0	0	0	0	0																		11.805731186272626	16.011920657391254	-0.45483806525741843	0.46586059836735033	3.869804114322651	9.350907904903476	0.8333333333333334	0.32899999999999996	245.31579101676272	0	8	2.2300000000000004	4	3	9	16	2	40	0	0	-0.764900000000001	0.5850720100000015	60.18350000000001	1	0	0	0	0	0	0	0	0	0	0	0	0.2709629063634541	76	564	17	31.767584362943655	1.8686814331143327	13.503881107299263	10.27989989609621	3.2239812112030553	5		66.43	1		0.5	2.1763764082403108	3.910197365050987	4.907803547984262	0	0.944940787421155	5.5641435608170084	0	1.9827032282500943	0	0	0.7211247851537042	0.944940787421155	0	0	0	0	0	0	0	0	0	0	0	0	0	5	0	3	0	0	0	2	0	0	2	0	0	0	0	0	0	0	0	0	0	0	0	0	0	0	0	1	0	2	1	0	0	0	0	0	0	0	0	0	0	0	0	0	0	0	0	0	0	0	0	0	0	0	0	0	0	0	0	0	0	0	0	0	0	0	0	0	0	0	0	0	0	0	17	7.43801652892562	10.85121107266436	0.8333333333333334	1249.05	0	206	13.637828201504695	7.598042769788446	8.230781917739982	3.3152611326637023	3.265582274700862	1.4941749346554984	1.6007794764282826	0.3272382946236201	11.207872534517032	6.555947230608343	6.968296252087127	2.3720323927412	1.8288647543489844	0.8181024077244449	0.5182907288414479	0.16124644139760508	1.7548746228316412	3.400077901721913	3.06634164841781	1.3393753942914386	2.009638691741862	1.632611040389714	2.869956032534292	0.35355339059327373	0	0	2.7921317669470476	0.5	0	0	0	0	0	0	0	0	0	0	0	0	0	0	2	0	0	3	3	1	0	832.10151777182	884.8988390241094	1106.1276007321933	921.8578625135499	1029.5749281500246	20.457856443440264	18.325187618384607	25.707671867057723	19.712195393042446	27.53431368590099	0.6631686257939396	-0.3600652565959896	0.046150324328219326	-0.03632365548058138	-0.06522242909571427	0	4																														32.573761	40.76423900000001																		
0246_00076																																																																																																																																																				0	0	0	0	0	0	0	0	0	0	0	0	0	0	0	0	0	0	0	0																		11.825215299767217	16.013988494608583	-0.4548380863419815	0.46595078854187955	3.702213312093816	9.33007572229143	0.75	-1.273	275.29871936424996	0	10	2.0100000000000002	5	3	11	18	2	40	0	0	-1.8637	3.4733776899999995	61.9013	2	0	0	0	0	0	0	0	0	0	0	0	0.3770123334603008	84	816	19	35.766068103350804	1.8824246370184634	18.30446394376226	15.079596291796113	3.2248676519661643	5.169925001442312		103.73	1		0.5	1.5000000000000004	3.091757380429033	2.35426476510617	0	3.3416253097913438	7.2797816147042385	0	1.5736725951324726	0	0	1.6925187973291358	1.2208983548264674	0	0	0	0	0	0	0	0	0	0	0	0	0	3	0	5	0	0	0	1	0	0	3	0	0	0	0	0	0	0	0	0	0	0	0	0	0	0	0	1	1	3	1	0	0	0	0	0	0	0	0	0	0	0	0	0	0	0	0	0	0	0	0	0	0	0	0	0	0	0	0	0	0	0	0	0	0	0	0	0	0	0	0	0	0	0	19	9.03125	12.76454293628809	0.75	1179.07	0	288	15.052041763877792	8.598042769788446	8.925983317127367	3.919885524290721	3.3570316391002755	1.8525288053642757	1.9134213173060106	0.44897494489528056	11.400197713664323	6.774282735340411	6.617617190554473	2.568660442926831	1.8902961037806991	0.9266176273406895	0.5329340167840846	0.17974315014805442	1.8453049755962032	3.0344634391885554	2.9369145898658777	1.1885407713129492	1.8410826932823277	1.5707227187666648	2.869956032534292	0.35355339059327373	0	0	2.4484331989199744	0.5	0	0	0	0	0	0	0	0	0	0	0	0	0	0	3	0	0	1	5	0	0	860.013819349956	916.2068574411221	1132.176739504938	971.4779757872088	1056.6566640948565	24.006794514522156	20.989371572649723	29.146324856863792	22.376379347307573	28.534313685900987	0.8557518030983818	-0.4505787754081046	0.06311838208846036	0.004443835407207282	-0.07810493226667689	1	6																														31.345346999999997	41.03465299999999																		
0246_00077																																																																																																																																																				0	0	0	0	0	0	0	0	0	0	0	0	0	0	0	0	0	0	0	0																		11.806029169134403	16.01224205643631	-0.45483780478853747	0.46596085354607375	3.8734792921277457	9.375611840900646	0.8947368421052632	2.9209999999999976	359.50151777540924	1	16	2.8899999999999997	12	3	17	24	2	62	0	0	1.5310000000000008	2.3439610000000024	93.95800000000001	1	0	0	0	0	0	0	0	0	0	0	0	0.24121324288121454	108	1956	26	47.75269587894955	1.910107835157982	16.060900363158517	12.835964069685447	3.2249362934730668	5.584962500721157		86.66000000000001	1		0.5	1.0606601717798214	5.965421590213792	2.6683067226570247	0	13.476363828315595	9.034162537679062	0	1.9827032282500943	0	0	1.1674075743390158	1.189207115002721	0	0	0	0	0	0	0	0	0	0	0	0	0	4	0	11	0	0	0	2	0	0	2	0	0	0	0	0	0	0	0	0	0	0	0	0	0	0	0	1	1	2	1	0	0	0	0	0	0	0	0	0	0	0	0	0	0	0	0	0	0	0	0	0	0	0	0	0	0	0	0	0	0	0	0	0	0	0	0	0	0	0	0	0	0	0	25	14.106666666666667	17.183431952662723	0.8947368421052632	3121.06	0	606	19.29468245099708	11.63604757224923	10.852102261299626	5.546702354586804	4.715488335714155	2.6507474762249377	2.3583950789788353	0.8752081076408897	16.311940379509373	10.274800653626663	9.138268386389155	4.340309888422989	3.1270492317782557	1.7533673078244878	1.0865201904343749	0.5405246252348653	1.8899631743347238	3.49559993255041	3.431071988520705	1.291088064413825	1.9770993165987345	1.692036465817008	2.750382876665242	0.35355339059327373	0	0	2.5129829213567647	0.5	0	0	0	0	0	0	0	0	0	0	0	0	0	0	2	0	0	2	12	0	0	1273.4338879721288	1335.4007101534855	1573.1267111896493	1426.7321626229623	1542.7292192225066	29.23232547898121	26.657279595517167	34.371855821322846	29.37637934730757	37.75115977985032	0.7495089658267388	-0.36277656253980056	0.03731795869219561	-0.16927532486404562	0.07478486437983631	1	5																														47.87865899999999	63.22134099999998																		
0246_00079																																																																																																																																																				0	0	0	0	0	0	0	0	0	0	0	0	0	0	0	0	0	0	0	0																		11.804122927164066	16.011932820947145	-0.4548380907898195	0.4659722380284977	3.8697989092541594	9.350913637288354	0.9130434782608695	6.648999999999997	399.60858246559815	2	20	3.4399999999999995	16	3	21	27	2	73	0	0	4.457699999999999	19.871089289999993	110.8469	1	0	0	0	0	0	0	0	0	0	0	0	0.16635161808756985	118	3031	28	53.93243735225158	1.926158476866128	13.555047686781972	10.329884905694628	3.225162781087346	5.754887502163469		66.43	1		0.5	0.948683298050514	7.083930555365782	2.0105186917489335	0	25.001404427098677	7.107390289708489	0	1.1905507889761497	0	0	0.7211247851537042	0.944940787421155	0	0	0	0	0	0	0	0	0	0	0	0	0	4	0	16	0	0	0	1	0	0	2	0	0	0	0	0	0	0	0	0	0	0	0	0	0	0	0	1	0	2	1	0	0	0	0	0	0	0	0	0	0	0	0	0	0	0	0	0	0	0	0	0	0	0	0	0	0	0	0	0	0	0	0	0	0	0	0	0	0	0	0	0	0	0	28	17.82421875	21.556122448979593	0.9130434782608695	4428.05	0	859	21.252866087740188	13.242200722131878	11.632548628941212	6.241964500462438	4.993036738702432	3.0658804892636446	2.6003718540101595	1.1098277221993529	18.822910420752528	12.200105182951775	10.362965943857128	5.281571666732512	3.793448983945837	2.271063096676451	1.446601387067607	0.8160718027548293	1.5566298410013903	2.8303392939566234	2.837792198950752	1.142897224854185	1.8088078320639325	1.5606872302160808	2.4617077420704288	0.35355339059327373	0	0	2.3838834764831844	0.5	0	0	0	0	0	0	0	0	0	0	0	0	0	0	2	0	0	2	16	0	0	1456.7193790151819	1502.805208657307	1698.341779790467	1552.6047700246554	1641.2707197532573	31.457856443440264	29.325187618384604	35.70767186705772	30.712195393042443	36.87012973163585	0.6631830616218998	-0.3600132880697423	0.04623436887397635	-0.03679069473409297	-0.0648004609780642	0	4																														56.62431499999999	74.79368499999997																		
0246_00081																																																																																																																																																				0	0	0	0	0	0	0	0	0	0	0	0	0	0	0	0	0	0	0	0																		11.80402706198809	16.012247074646695	-0.4548378052998319	0.46600496631213295	3.8735147254137536	9.375871575992837	0.9130434782608695	5.196999999999998	415.60798739316755	2	20	3.3299999999999996	16	3	21	28	2	74	0	0	3.355800000000002	11.261393640000014	112.36200000000002	1	0	0	0	0	0	0	0	0	0	0	0	0.20865347356692363	124	3220	30	55.75264114187603	1.9225048669612426	16.061558049299144	12.8366182444942	3.224939804804942	5.807354922057604		86.66000000000001	1		0.5	0.948683298050514	6.596888606932664	2.478208215722299	0	21.809181013675975	9.43139201364294	0	1.9827032282500943	0	0	1.1674075743390158	1.189207115002721	0	0	0	0	0	0	0	0	0	0	0	0	0	4	0	15	0	0	0	2	0	0	2	0	0	0	0	0	0	0	0	0	0	0	0	0	0	0	0	1	1	2	1	0	0	0	0	0	0	0	0	0	0	0	0	0	0	0	0	0	0	0	0	0	0	0	0	0	0	0	0	0	0	0	0	0	0	0	0	0	0	0	0	0	0	0	29	17.657439446366784	21.031111111111112	0.9130434782608695	4517.06	0	886	22.123109575743268	13.63604757224923	12.26631582367272	6.546702354586804	5.422595116900702	3.1507474762249386	2.7119484695721106	1.1252081076408902	19.14036750425556	12.274800653626663	10.552481948762248	5.340309888422988	3.834156012964803	2.253367307824488	1.440073581027649	0.7905246252348654	1.8899631743347238	3.4955999325504106	3.431071988520705	1.2910880644138252	1.9770993165987343	1.6920364658170077	2.750382876665242	0.35355339059327373	0	0	2.5129829213567647	0.5	0	0	0	0	0	0	0	0	0	0	0	0	0	0	2	0	0	2	16	0	0	1507.1301230321683	1569.1371878184777	1806.9801648686246	1660.7284658640847	1777.0323105173018	33.23232547898121	30.657279595517167	38.371855821322846	33.37637934730757	41.751159779850305	0.7495089658267388	-0.36277656253980056	0.03731795869219561	-0.16927532486404562	0.07478486437983631	1	5																														56.62431499999999	75.59568499999997																		
0246_00082																																																																																																																																																				0	0	0	0	0	0	0	0	0	0	0	0	0	0	0	0	0	0	0	0																		11.738906726514779	16.011935161621338	-0.4548380910118085	0.46600884914642937	3.8698472359186318	9.351234790428153	0.76	6.944000000000003	423.63005425917413	2	20	3.66	18	3	23	29	2	75	0	0	4.4809	20.07846481	122.28210000000001	1	0	0	0	0	0	0	0	0	0	0	0	0.1569206942064325	126	3802	30	57.93243690179077	1.9310812300596925	13.555059090858267	10.329896046421032	3.2251630444372363	5.857980995127573		66.43	1		0.5	0.9045340337332909	7.31150826066104	1.9549280531944637	0	29.280631806476787	7.196961371954921	0	1.1905507889761497	0	0	0.7211247851537042	0.944940787421155	0	0	0	0	0	0	0	0	0	0	0	0	0	4	0	14	0	4	0	1	0	0	2	0	0	0	0	0	0	0	0	0	0	0	0	0	0	0	0	1	0	2	1	0	0	0	0	0	0	0	0	0	0	0	0	0	0	0	0	0	0	0	0	0	0	0	0	0	0	0	0	0	0	0	0	0	0	0	0	0	0	0	0	0	0	0	30	19.66782006920415	23.52	0.76	4606.05	0	1013	22.667079650113283	14.242200722131878	12.339655410127756	6.741964500462439	5.3465901292957065	3.315880489263644	2.7771485493067942	1.2348277221993533	19.718097935137934	12.499765011473894	10.351060562057965	5.128652150838951	3.5871092821169372	2.046213249225585	1.2492379408707468	0.6626258827017942	1.5566298410013903	2.8303392939566243	2.837792198950752	1.142897224854185	1.8088078320639323	1.5606872302160808	2.4617077420704288	0.35355339059327373	0	0	2.3838834764831844	0.5	0	0	0	0	0	0	0	0	0	0	0	0	0	0	2	4	0	2	14	0	0	1595.8259819896966	1641.7305287060753	1836.9748821193966	1690.7709349988952	1778.5877692064867	33.457856443440264	31.325187618384604	37.70767186705771	32.71219539304244	38.87012973163585	0.670425164713066	-0.3624284385082659	0.04216078466118633	-0.03280942677548538	-0.06463951429292172	0	4																														56.62431499999999	78.31368499999995																		
0246_00084																																																																																																																																																				0	0	0	0	0	0	0	0	0	0	0	0	0	0	0	0	0	0	0	0																		11.742419715399414	31.978849315416436	-0.42164586477436844	0.44991773501324217	4.928352953316521	12.735720110328954	0.9615384615384616	4.856	499.7056850041386	0	8	3.4400000000000004		3	19	37	0	79	0	0	2.628399999999996	6.90848655999998	130.9252	1	4	0	1	0	0	0	1	3	0	0	0	0.26499270719721174	190	3702	63	68.63620766726345	2.018711990213631	20.863123882655167	14.709102877728897	2.948867871203672	6.20945336562895		132.31	1		0.5	0.520020955762976	7.352366944015348	6.671983308152655	2.112473971090738	12.973936907348312	26.587621834072007	6.610894130067914	9.95693331020653	6.499473355210593	0.25	1.9276267714704896	0	0	0	0	0	0	0	0	0	0	0	0	0	0	3	0	12	0	0	0	8	0	0	1	0	0	2	0	0	0	0	1	0	0	0	0	0	0	0	0	0	3	3	0	0	0	0	0	0	0	0	0	0	0	0	0	0	0	0	0	1	0	0	0	0	0	0	0	0	0	0	0	0	0	0	0	0	0	0	0	0	0	0	0	0	0	0	27.04601899196494	10.045184304399525	5.354022600775847	0.9615384615384616	5602.08	0.5	986	24.88854057813175	15.848826315353406	16.426645369715825	12.787177867552176	10.700435339272074	8.973853066358794	6.734194303744999	4.91577740240391	21.282459247009143	13.83047463300014	12.996899829641338	11.104337487684655	9.233074467316706	7.420638490011398	5.479892049075959	4.180007956244315	8.191803265639528	13.55021209285344	21.036490934304254	6.806286870793141	11.648579205032515	17.723826500634257	4.603949205418846	0.5892556509887896	1.0832508571745265	0.2032631323962854	2.8126679086550883	0.2679569687170235	1.0398198554890032	0.2032631323962854	0	0	0.08333333333333333	0.38480574089441705	0.9701899368714093	0	0	0.08333333333333333	0.38480574089441705	0.9159011847645051	0	0	1	0	0	5	12	6	2	2943.7581345387775	3586.847613453424	5547.034572084495	5953.4321190294	5361.728135636589	45.134547552972165	47.667623357268326	65.53575359166385	68.60055697552824	66.48517972312635	0.5349398723267493	-0.2184498210858933	0.010467096535376143	-0.08540764351423047	0.12424795362257306	4	7																														57.28831499999999	84.57768499999997																		
0246_00086																																																																																																																																																				0	0	0	0	0	0	0	0	0	0	0	0	0	0	0	0	0	0	0	0																		11.734684291766852	16.011920955208335	-0.4548311027728095	0.4659745675771568	3.885446838677803	9.462918639634552	0.6666666666666666	-0.00399999999999992	243.29990950911116	0	7	2.2300000000000004	4	5	9	16	2	38	0	0	-0.5935000000000015	0.35224225000000176	61.085300000000004	1	0	0	0	0	0	0	0	0	0	0	0	0.27320914535833324	76	552	19	31.76131256847275	1.8683125040278088	13.494220297059002	10.270462179182747	3.223758117876256	5		66.43	1		0.5	2.1753165686166325	4.0685109261408945	5.045161721340837	0	0.814325284978472	5.241482788417793	0	2.406851949670727	0	0	0.7211247851537042	0.944940787421155	0	0	0	0	0	0	0	0	0	0	0	0	0	5	0	2	0	1	0	1	0	0	3	0	0	0	0	0	0	0	0	0	0	0	0	0	0	0	0	1	0	2	1	0	0	0	0	0	0	0	0	0	0	0	0	0	0	0	0	0	0	0	0	0	0	0	0	0	0	0	0	0	0	0	0	0	0	0	0	0	0	0	0	0	0	0	17	7.43801652892562	8.686980609418283	0.6666666666666666	1097.05	0	204	13.637828201504695	7.6528843246548375	7.858877150553863	4.026258853282186	2.956043940460993	1.567101110665604	1.5109540105522792	0.5093825720942298	11.000765753330484	6.255470414956392	6.257462103861995	2.5276976446981245	1.6236984878873832	0.7984691944199874	0.42845386281881626	0.18187349647664988	2.3623619071106274	3.4071749211531412	3.4078502747742014	1.4191777539098298	1.9428663050116555	1.6652442253935829	2.6444371282666475	0.35355339059327373	0.16666666666666666	0	2.510962145348379	0.5	0.024056261216234408	0	0	0	0	0	0	0	0	0	0	0	0	0	2	1	1	3	2	0	0	858.9477010373228	917.8575010746459	1157.6566390552982	1022.9167314116514	1048.694171806824	20.457856443440264	18.325187618384607	25.707671867057723	22.376379347307573	25.87012973163586	0.6646655783679543	-0.38498969461505866	0.08243188174588155	-0.03102607584412625	-0.09403926780544729	0	4																														30.387346999999995	39.43065300000001																		
0246_00087																																																																																																																																																				0	0	0	0	0	0	0	0	0	0	0	0	0	0	0	0	0	0	0	0																		11.823364017250926	16.011920647055874	-0.4548380891386886	0.46585575927463635	3.864837295982867	9.321386915456241	0.8333333333333334	0.3899999999999997	245.31579101676272	0	9	2.2300000000000004	5	3	10	16	2	40	0	0	-0.5605000000000013	0.3141602500000015	60.2359	1	0	0	0	0	0	0	0	0	0	0	0	0.2709629063634541	74	578	17	31.93366680987498	1.8784509888161751	13.523922161208903	10.299478149756382	3.2244440114525244	5		66.43	0.8		0.4444444444444444	1.4142135623730951	4.604667117656626	2.631121041965869	0	3.3416253097913438	5.694193506484739	0	1.1905507889761497	0	0	0.7211247851537042	0.944940787421155	0	0	0	0	0	0	0	0	0	0	0	0	0	4	0	5	0	0	0	1	0	0	2	0	0	0	0	0	0	0	0	0	0	0	0	0	0	0	0	1	0	2	1	0	0	0	0	0	0	0	0	0	0	0	0	0	0	0	0	0	0	0	0	0	0	0	0	0	0	0	0	0	0	0	0	0	0	0	0	0	0	0	0	0	0	0	17	8.16326530612245	10.85121107266436	0.8333333333333334	1249.05	0	229	13.474691494688164	7.742200722131878	7.743461332415202	3.491964500462438	3.0350563636705865	1.7641037939670066	1.546273201144693	0.4025596484841236	11.044735827700501	6.700105182951775	6.473878647331118	2.5315716667325123	1.8274587262761046	0.9231735484129365	0.49202970634958326	0.19138381007324765	1.5566298410013901	2.8303392939566243	2.880067693632193	1.1428972248541853	1.8088078320639325	1.5693166794321873	2.4617077420704288	0.35355339059327373	0	0	2.3838834764831844	0.5	0	0	0	0	0	0	0	0	0	0	0	0	0	0	2	0	0	2	5	0	0	812.5921373466874	857.6234650947417	1050.0530753009496	901.3848759477542	982.9972086019598	20.457856443440264	18.325187618384607	24.707671867057723	19.712195393042446	25.87012973163586	0.6631830616305734	-0.3600132879305228	0.046234371245887224	-0.036790675635234006	-0.06480042386458305	0	4																														32.573761	40.76423900000001																		
0246_00088																																																																																																																																																				0	0	0	0	0	0	0	0	0	0	0	0	0	0	0	0	0	0	0	0																		11.834613403479265	16.013986964995304	-0.45483800541379843	0.4659550906389247	3.7061943631896117	9.312041389926566	0.7272727272727273	-1.631	261.2721019598104	0	9	1.9	4	3	10	17	2	37	0	0	-2.3199000000000005	5.381936010000002	57.3003	2	0	0	0	0	0	0	0	0	0	0	0	0.3972484237630996	80	681	18	33.7665735232151	1.8759207512897278	18.289688748679534	15.065116576967743	3.2245721717117948	5.08746284125034		103.73	0.8		0.4444444444444444	1.5000000000000004	2.8028278663692006	2.4246186056119488	0	1.9692593638364124	6.606830809301821	0	1.7402021601905782	0	0	1.8309342388435295	1.3132639022018833	0	0	0	0	0	0	0	0	0	0	0	0	0	3	0	4	0	0	0	1	0	0	3	0	0	0	0	0	0	0	0	0	0	0	0	0	0	0	0	1	1	3	1	0	0	0	0	0	0	0	0	0	0	0	0	0	0	0	0	0	0	0	0	0	0	0	0	0	0	0	0	0	0	0	0	0	0	0	0	0	0	0	0	0	0	0	18	8.226843100189036	11.851851851851851	0.7272727272727273	990.07	0	246	14.344934982691244	8.098042769788446	8.572429926534094	3.6783039004935256	3.1003216361070747	1.9693857235771617	1.5773965459664934	0.46550917358882515	10.693090932477775	6.274282735340411	6.264063799961198	2.3401070523335568	1.7153392720435048	0.8539423101237333	0.45830842877618977	0.15768582355619457	1.8453049755962032	2.970519523523642	3.240658232005371	1.1885407713129492	1.8230001560772082	1.5713277044916147	2.869956032534292	0.35355339059327373	0	0	2.4484331989199744	0.5	0	0	0	0	0	0	0	0	0	0	0	0	0	0	3	0	0	1	4	0	0	800.5093422124446	856.0235085430529	1069.9856621241804	907.5120582768861	985.4105097225037	23.006794514522156	19.989371572649723	28.146324856863792	21.376379347307573	27.534313685900987	0.8601783857326685	-0.43750999287139525	0.0933897123692374	-0.054169222108103945	-0.33003641303148423	1	6																														29.158932999999998	37.941067																		
0246_00089																																																																																																																																																				0	0	0	0	0	0	0	0	0	0	0	0	0	0	0	0	0	0	0	0																		11.753760780065262	16.011924140712626	-0.45483145904197436	0.4659650951389567	3.874514165650204	9.382814966367137	0.7333333333333333	1.9859999999999998	285.3797617224299	1	11	2.5599999999999996	8	5	13	19	2	47	0	0	0.7848999999999979	0.6160680099999968	75.2073	1	0	0	0	0	0	0	0	0	0	0	0	0.23292915701636926	86	987	20	37.93259050891695	1.8966295254458476	13.551170300841013	10.326097058716483	3.225073242124532	5.247927513443585		66.43	1		0.5	1.2247448713915894	5.636487455489957	2.3642214902121887	0	8.565867302157978	6.402463838575735	0	1.1905507889761497	0	0	0.7211247851537042	0.944940787421155	0	0	0	0	0	0	0	0	0	0	0	0	0	4	0	6	0	2	0	1	0	0	2	0	0	0	0	0	0	0	0	0	0	0	0	0	0	0	0	1	0	2	1	0	0	0	0	0	0	0	0	0	0	0	0	0	0	0	0	0	0	0	0	0	0	0	0	0	0	0	0	0	0	0	0	0	0	0	0	0	0	0	0	0	0	0	20	10.6875	13.77	0.7333333333333333	1736.05	0	363	15.596011838247808	9.242200722131878	8.804121504195024	4.241964500462438	3.578823176329335	2.0658804892636433	1.8932650728236105	0.605077121891755	12.906543147266301	7.876808550750511	7.215503225382091	3.010103580198899	2.156823599009717	1.078754664794576	0.5815650596787896	0.20565952085490102	1.5566298410013901	2.830339293956624	2.837792198950752	1.1227654228710855	1.7744933626474801	1.5092318874027701	2.4617077420704288	0.35355339059327373	0	0	2.373070433816774	0.5	0	0	0	0	0	0	0	0	0	0	0	0	0	0	2	2	0	2	6	0	0	1001.7820619377768	1048.755501085026	1245.4244136183204	1099.7397556817039	1188.3887197040176	23.457856443440264	21.325187618384607	27.707671867057723	22.712195393042443	28.87012973163586	0.6677967538074	-0.38047417463752664	0.05972521294122524	-0.00965200690523044	-0.08832346634709458	0	4																														36.946588999999996	48.711411																		
0246_00090																																																																																																																																																				0	0	0	0	0	0	0	0	0	0	0	0	0	0	0	0	0	0	0	0																		11.81147160075146	16.01192396014082	-0.45483808956774735	0.4658867349309754	3.869182405084188	9.34693966137228	0.8666666666666667	2.097	287.39564323008153	1	12	2.5599999999999996	8	3	13	19	2	49	0	0	0.8081000000000007	0.6530256100000011	74.0389	1	0	0	0	0	0	0	0	0	0	0	0	0.23129444989615064	86	987	20	37.93259050891695	1.8966295254458476	13.551170300841013	10.326097058716483	3.225073242124532	5.247927513443585		66.43	1		0.5	1.2247448713915894	5.636487455489957	2.3642214902121887	0	8.565867302157978	6.402463838575735	0	1.1905507889761497	0	0	0.7211247851537042	0.944940787421155	0	0	0	0	0	0	0	0	0	0	0	0	0	4	0	8	0	0	0	1	0	0	2	0	0	0	0	0	0	0	0	0	0	0	0	0	0	0	0	1	0	2	1	0	0	0	0	0	0	0	0	0	0	0	0	0	0	0	0	0	0	0	0	0	0	0	0	0	0	0	0	0	0	0	0	0	0	0	0	0	0	0	0	0	0	0	20	10.6875	13.77	0.8666666666666667	1924.05	0	363	15.596011838247808	9.242200722131878	8.804121504195024	4.241964500462438	3.578823176329335	2.0658804892636433	1.8932650728236105	0.605077121891755	13.166056171260145	8.200105182951775	7.534538819110941	3.2815716667325128	2.379235421572742	1.2710630966764511	0.7394946058810593	0.30848928128235154	1.5566298410013901	2.830339293956624	2.837792198950752	1.142897224854185	1.8088078320639323	1.560687230216081	2.4617077420704288	0.35355339059327373	0	0	2.3838834764831844	0.5	0	0	0	0	0	0	0	0	0	0	0	0	0	0	2	0	0	2	8	0	0	989.2876839521011	1035.2377416957058	1230.372209933873	1084.2389730307336	1171.9619790458446	23.457856443440264	21.325187618384607	27.707671867057723	22.712195393042443	28.87012973163586	0.6631830616218998	-0.3600132880697423	0.04623436887397635	-0.03679069473409297	-0.0648004609780642	0	4																														39.133002999999995	50.044997																		
0246_00092																																																																																																																																																				0	0	0	0	0	0	0	0	0	0	0	0	0	0	0	0	0	0	0	0																		11.753757929947618	16.011930783146376	-0.45483146031622823	0.466031202093396	3.875123816902994	9.387135091102152	0.8095238095238095	5.399999999999999	369.53946614906744	2	17	3.2199999999999998	14	5	19	25	2	65	0	0	3.5221000000000027	12.405188410000019	102.81330000000001	1	0	0	0	0	0	0	0	0	0	0	0	0.17988674520292658	110	2372	26	49.93243915409468	1.9204784290036416	13.555002070476785	10.329840342789003	3.225161727687783	5.643856189774724		66.43	1		0.5	1.0000000000000002	6.818064194918603	2.075115634332128	0	20.761477247555277	6.9964952223502	0	1.1905507889761497	0	0	0.7211247851537042	0.944940787421155	0	0	0	0	0	0	0	0	0	0	0	0	0	4	0	12	0	2	0	1	0	0	2	0	0	0	0	0	0	0	0	0	0	0	0	0	0	0	0	1	0	2	1	0	0	0	0	0	0	0	0	0	0	0	0	0	0	0	0	0	0	0	0	0	0	0	0	0	0	0	0	0	0	0	0	0	0	0	0	0	0	0	0	0	0	0	26	16	19.597633136094675	0.8095238095238095	3446.05	0	717	19.838652525367095	12.242200722131878	10.925441847754664	5.741964500462439	4.639483348109158	2.815880489263644	2.423595158713521	0.9848277221993531	17.14918383438559	10.87680855075051	9.336823568941735	4.510103580198899	3.217483770789538	1.838255865409772	1.1078794656863118	0.562041687360642	1.5566298410013903	2.830339293956624	2.837792198950752	1.1227654228710855	1.7744933626474806	1.50923188740277	2.4617077420704288	0.35355339059327373	0	0	2.373070433816774	0.5	0	0	0	0	0	0	0	0	0	0	0	0	0	0	2	2	0	2	12	0	0	1352.8430622969815	1400.0475792111615	1597.3561869035868	1452.4925636157982	1542.7512335491724	29.457856443440264	27.325187618384604	33.70767186705772	28.712195393042443	34.870129731635856	0.6677967538073994	-0.38047417463754474	0.059725212940728196	-0.009652006911265974	-0.0883234663760733	0	4																														50.06507299999999	67.27292699999998																		
0246_00093																																																																																																																																																				0	0	0	0	0	0	0	0	0	0	0	0	0	0	0	0	0	0	0	0																		11.804971389131916	16.011930602205332	-0.454838090486563	0.4659504299710983	3.8697921043468293	9.350862551211781	0.9047619047619048	5.5109999999999975	371.55534765671905	2	18	3.2199999999999998	14	3	19	25	2	67	0	0	3.545300000000001	12.569152090000006	101.64489999999999	1	0	0	0	0	0	0	0	0	0	0	0	0.17891021609768837	110	2372	26	49.93243915409468	1.9204784290036416	13.555002070476785	10.329840342789003	3.225161727687783	5.643856189774724		66.43	1		0.5	1.0000000000000002	6.818064194918603	2.075115634332128	0	20.761477247555277	6.9964952223502	0	1.1905507889761497	0	0	0.7211247851537042	0.944940787421155	0	0	0	0	0	0	0	0	0	0	0	0	0	4	0	14	0	0	0	1	0	0	2	0	0	0	0	0	0	0	0	0	0	0	0	0	0	0	0	1	0	2	1	0	0	0	0	0	0	0	0	0	0	0	0	0	0	0	0	0	0	0	0	0	0	0	0	0	0	0	0	0	0	0	0	0	0	0	0	0	0	0	0	0	0	0	26	16	19.597633136094675	0.9047619047619048	3706.05	0	717	19.838652525367095	12.242200722131878	10.925441847754664	5.741964500462439	4.639483348109158	2.815880489263644	2.423595158713521	0.9848277221993531	17.408696858379432	11.200105182951775	9.655859162670582	4.781571666732512	3.439895593352563	2.0210630966764516	1.2698246917709701	0.691071802754829	1.5566298410013903	2.830339293956624	2.837792198950752	1.142897224854185	1.8088078320639327	1.5606872302160808	2.4617077420704288	0.35355339059327373	0	0	2.3838834764831844	0.5	0	0	0	0	0	0	0	0	0	0	0	0	0	0	2	0	0	2	14	0	0	1339.916027281161	1386.000180361161	1581.53174413065	1435.7894638362818	1524.4430715984129	29.457856443440264	27.325187618384604	33.70767186705772	28.712195393042443	34.870129731635856	0.6631830616218998	-0.3600132880697423	0.04623436887397635	-0.03679069473409297	-0.0648004609780642	0	4																														52.25148699999999	68.60651299999998																		
0246_00094																																																																																																																																																				0	0	0	0	0	0	0	0	0	0	0	0	0	0	0	0	0	0	0	0																		11.750748929100961	16.011935101837	-0.4548380910513363	0.4660013951217469	3.869841968354609	9.351199806600418	0.84	7.271000000000004	425.6459357668257	2	21	3.66	18	3	23	29	2	77	0	0	4.9254999999999995	24.260550249999994	121.16550000000001	1	0	0	0	0	0	0	0	0	0	0	0	0.15617707875783046	126	3802	30	57.93243690179077	1.9310812300596925	13.555059090858267	10.329896046421032	3.2251630444372363	5.857980995127573		66.43	1		0.5	0.9045340337332909	7.31150826066104	1.9549280531944637	0	29.280631806476787	7.196961371954921	0	1.1905507889761497	0	0	0.7211247851537042	0.944940787421155	0	0	0	0	0	0	0	0	0	0	0	0	0	4	0	16	0	2	0	1	0	0	2	0	0	0	0	0	0	0	0	0	0	0	0	0	0	0	0	1	0	2	1	0	0	0	0	0	0	0	0	0	0	0	0	0	0	0	0	0	0	0	0	0	0	0	0	0	0	0	0	0	0	0	0	0	0	0	0	0	0	0	0	0	0	0	30	19.66782006920415	23.52	0.84	4906.05	0	1013	22.667079650113283	14.242200722131878	12.339655410127756	6.741964500462439	5.3465901292957065	3.315880489263644	2.7771485493067942	1.2348277221993533	19.977610959131777	12.849935097212834	10.70461395265124	5.439819957196375	3.8464218581451335	2.266853908575049	1.4141622590683764	0.7723005420374617	1.5566298410013903	2.8303392939566243	2.837792198950752	1.142897224854185	1.8088078320639323	1.5606872302160808	2.4617077420704288	0.35355339059327373	0	0	2.3838834764831844	0.5	0	0	0	0	0	0	0	0	0	0	0	0	0	0	2	2	0	2	16	0	0	1584.817397899179	1630.8668674982428	1826.3677938772123	1680.5740814386	1769.127861106011	33.457856443440264	31.325187618384604	37.70767186705771	32.71219539304244	38.87012973163585	0.6664624852299296	-0.3604019377663673	0.04436969560394409	-0.03643456724033443	-0.06447433795385704	0	4																														58.81072899999999	79.64727099999996																		
0246_00096																																																																																																																																																				0	0	0	0	0	0	0	0	1	0	0	0	0	0	0	0	0	0	0	0																		11.742412335506518	16.010850347155774	-0.4216790621965276	0.39348251119701727	3.7004522482141717	12.892586381148067	0.9230769230769231	2.761999999999999	449.6243135758797	0	7	3.66		3	18	35	0	75	0	0	3.329999999999997	11.08889999999998	122.14930000000001	1	4	0	1	0	0	0	1	3	0	0	0	0.23782915856615552	178	2994	62	64.86984904421222	2.0271827826316318	15.299729400055986	12.382054410424566	2.917674989631408	6.129283016944966		106.86000000000001	0.8888888888888888		0.47058823529411764	0.520020955762976	6.914261244066491	7.071603489026241	2.112473971090738	11.62197712127216	27.288582683412933	6.309325153056222	10.340033067333101	6.723843446732312	0.25	1.2036601357763532	0	0	0	0	0	0	0	0	0	0	0	0	0	0	3	0	11	0	0	0	8	0	0	2	0	0	2	0	0	0	0	1	0	0	0	0	0	0	0	0	0	3	2	0	0	0	0	0	0	0	0	0	0	0	0	0	0	0	0	0	0	0	0	0	0	0	0	0	0	0	0	0	0	0	0	0	0	0	0	0	0	0	0	0	0	0	0	25.103673469387754	9.567901234567902	4.518698060941828	0.9230769230769231	5092.06	0.53125	864	23.25878406613483	15.068258454735316	14.854103740949894	12.618887302362095	10.285056875635247	8.973602191609677	6.236780421726571	4.763282962630572	20.05511411399663	12.915675276883581	12.072930036944543	10.766788112160008	8.982696104090643	7.277301033085018	5.345041425165438	4.088382626429226	8.059690800743116	13.251560949816765	21.64394067224456	6.746405598481372	11.603056533119405	17.871137900388256	3.348389818852796	0.21407617506269555	1.2778431760034685	0.25364688940716357	2.5157721578439776	0.21407617506269555	1.109937820175431	0.21603453863569563	0	0	0.08333333333333333	0.3739926982280069	1.001671947753726	0	0	0.08333333333333333	0.3739926982280069	0.9207872473599497	0	0	2	0	0	4	12	6	2	2692.8333916856495	3331.6049674827686	5204.40246715531	5779.211456253586	5129.8794949490475	36.23232547898121	36.99282375202371	57.9849383388964	65.92984094437418	61.819193681638644	0.5387653860641581	-0.22228187385433157	-0.060788801071419235	0.08934443046671868	-0.1456237779548814	4	6																														49.58390099999999	79.54209899999996																		
0246_00106																																																																																																																																																				0	0	0	0	0	0	0	0	0	0	0	0	0	0	0	0	0	0	0	0																		11.750748782864878	16.009796013841928	-0.38156736441365663	0.37695852894213594	3.6984027711784435	7.959503441074512	0.85	9.330000000000005	310.5152764362788	2	17	3.44	20	2	21	21	0	60	0	0	7.747799999999998	60.02840483999997	96.6042	1	0	0	0	0	0	0	0	0	0	0	0	0.12021121822899508	84	1752	19	42.66155332552303	1.9391615147965013	4.76417519322842	4.76417519322842	0	5.392317422778761		37.3	1		0.5	0	2.383100997386957	0.05263157894736841	0	31.58949783389692	2.383100997386957	0	0	0	0	0.4999999999999999	0	0	0	0	0	0	0	0	0	0	0	0	0	0	1	0	16	0	2	0	0	0	0	1	0	0	0	0	0	0	0	0	0	0	0	0	0	0	0	0	0	1	1	0	0	0	0	0	0	0	0	0	0	0	0	0	0	0	0	0	0	0	0	0	0	0	0	0	0	0	0	0	0	0	0	0	0	0	0	0	0	0	0	0	0	0	0	22	19.047619047619047	21.05263157894737	0.85	3019.02	0	639	16.30527233054749	10.770055610029663	7.839376234204548	4.885027805014832	3.277459591914187	2.192513902507416	1.4619531006604563	0.9712569512537079	14.823870923327839	9.63822102902279	6.4351340203232965	4.1524438478447285	2.700518942911853	1.7428885905890312	1.1145572110604103	0.704777628627849	0.2886751345948129	0.20412414523193154	0.14433756729740646	0.04564354645876384	0.03227486121839514	0.02282177322938192	0.4082482904638631	0	0	0	0.06454972243679027	0	0	0	0	0	0	0	0	0	0	0	0	0	0	0	1	2	0	1	16	0	0	1089.242094419785	1071.6051078193134	1050.64303934192	986.6821040267146	933.0000481566198	23.548938071081892	21.664183954265127	22.438652989806073	19.664183954265127	18.664183954265127	0.19512699322633595	-0.09347328414510896	-1.9547636163555482e-4	-0.003924173193197569	-8.241221045886284e-6	1	2																														42.49986599999999	62.142133999999956																		
0246_00107																																																																																																																																																				0	0	0	0	0	0	0	0	0	0	0	0	0	0	0	0	0	0	0	0																		11.730790287298705	16.009797202066675	-0.3815160042952914	0.3777362524879183	3.7226398102553393	8.15079266364096	0.5	9.160000000000007	330.5049852145515	2	15	3.6599999999999997	22	2	23	23	0	58	0	0	6.881800000000001	47.359171240000016	110.2726	1	0	0	0	0	0	0	0	0	0	0	0	0.11294272771838117	92	2279	21	46.66155312382735	1.944231380159473	4.764175983278092	4.764175983278092	0	5.523561956057013		37.3	1		0.5	0	2.408373083650825	0.047619047619047616	0	35.802699138858394	2.408373083650825	0	0	0	0	0.4999999999999999	0	0	0	0	0	0	0	0	0	0	0	0	0	0	1	0	10	0	10	0	0	0	0	1	0	0	0	0	0	0	0	0	0	0	0	0	0	0	0	0	0	1	1	0	0	0	0	0	0	0	0	0	0	0	0	0	0	0	0	0	0	0	0	0	0	0	0	0	0	0	0	0	0	0	0	0	0	0	0	0	0	0	0	0	0	0	0	24	21.043478260869566	23.047619047619047	0.5	2697.02	0	769	17.71948589292058	11.770055610029663	8.546483015391095	5.385027805014832	3.631012982507461	2.442513902507416	1.6387297959570932	1.0962569512537077	15.20003238972556	9.237540686067028	5.728027239136747	3.4212093491838678	2.038769618206538	1.1884121641590026	0.7029530369130317	0.41666316775581397	0.2886751345948129	0.20412414523193154	0.14433756729740646	0.04564354645876384	0.026352313834736494	0.015214515486254614	0.4082482904638631	0	0	0	0.06454972243679027	0	0	0	0	0	0	0	0	0	0	0	0	0	0	0	1	10	0	1	10	0	0	1250.5009168709585	1232.4966912372383	1211.080266078894	1146.1052508537493	1089.8285205637185	25.548938071081892	23.664183954265127	24.438652989806073	21.664183954265127	20.664183954265127	0.2126357140088661	-0.09785382363376101	-0.005800184245048447	-0.010240367361855737	0.0033401475314953095	1	2																														38.12703799999999	62.99496199999995																		
0246_00112																																																																																																																																																				0	0	0	0	0	0	0	0	0	0	0	0	0	0	0	0	0	0	0	0																		11.73890670610063	16.00979604269764	-0.381566784285574	0.3769734364401508	3.6984236751391215	8.060552815188082	0.75	9.003000000000004	308.4993949286272	2	16	3.44	20	2	21	21	0	58	0	0	7.3031999999999995	53.336730239999994	97.7208	1	0	0	0	0	0	0	0	0	0	0	0	0.12099722578248433	84	1752	19	42.66155332552303	1.9391615147965013	4.76417519322842	4.76417519322842	0	5.392317422778761		37.3	1		0.5	0	2.383100997386957	0.05263157894736841	0	31.58949783389692	2.383100997386957	0	0	0	0	0.4999999999999999	0	0	0	0	0	0	0	0	0	0	0	0	0	0	1	0	14	0	4	0	0	0	0	1	0	0	0	0	0	0	0	0	0	0	0	0	0	0	0	0	0	1	1	0	0	0	0	0	0	0	0	0	0	0	0	0	0	0	0	0	0	0	0	0	0	0	0	0	0	0	0	0	0	0	0	0	0	0	0	0	0	0	0	0	0	0	0	22	19.047619047619047	21.05263157894737	0.75	2787.02	0	639	16.30527233054749	10.770055610029663	7.839376234204548	4.885027805014832	3.277459591914187	2.192513902507416	1.4619531006604563	0.9712569512537079	14.564357899333995	9.28805094328385	6.081580629730023	3.841276041487304	2.4412063668836557	1.5222479312395671	0.9496328928627806	0.5951029692921815	0.2886751345948129	0.20412414523193154	0.14433756729740646	0.04564354645876384	0.03227486121839514	0.02282177322938192	0.4082482904638631	0	0	0	0.06454972243679027	0	0	0	0	0	0	0	0	0	0	0	0	0	0	0	1	4	0	1	14	0	0	1100.2465035529908	1082.4630537022254	1061.2396786780992	996.8618218051438	942.4288498605194	23.548938071081892	21.664183954265127	22.438652989806073	19.664183954265127	18.664183954265127	0.19908394227359597	-0.09549611991085448	-0.0024001060910881084	-3.0693538370726327e-4	-1.7605539318605036e-4	1	2																														40.31345199999999	60.80854799999995																		
0246_00122																																																																																																																																																				0	0	0	0	0	0	0	0	0	0	0	0	0	0	0	0	0	0	0	0																		11.753725992396014	16.00979079744503	-0.37705283410903356	0.4001320384020687	3.7811323981242797	7.688541915354101	0.7	4.044999999999999	170.24910239188304	0	7	2.34	10	5	11	11	0	30	0	0	3.607200000000001	13.011891840000008	50.646	1	0	0	0	0	0	0	0	0	0	0	0	0.21924323119598255	44	277	9	22.66182843843521	1.8884857032029343	4.763097565475968	4.763097565475968	0	4.459431618637298		37.3	1		0.5	0	2.1252005594420327	0.1111111111111111	0	11.24058362962237	2.1252005594420327	0	0	0	0	0.4999999999999999	0	0	0	0	0	0	0	0	0	0	0	0	0	0	1	0	6	0	2	0	0	0	0	1	0	0	0	0	0	0	0	0	0	0	0	0	0	0	0	0	0	1	1	0	0	0	0	0	0	0	0	0	0	0	0	0	0	0	0	0	0	0	0	0	0	0	0	0	0	0	0	0	0	0	0	0	0	0	0	0	0	0	0	0	0	0	0	12	9.090909090909092	11.11111111111111	0.7	709.02	0	169	9.234204518682008	5.770055610029663	4.303842328271808	2.3850278050148312	1.5096926389478171	0.9425139025074155	0.5780696241772716	0.34625695125370776	7.7528031114623595	4.665094482560468	2.943495292018957	1.7347723136836	1.0498925715237133	0.6173861568418	0.3481695904652198	0.1789424781133019	0.2886751345948129	0.20412414523193154	0.14433756729740646	0.03042903097250923	0.02151657414559676	0.015214515486254614	0.4082482904638631	0	0	0	0.05270462766947299	0	0	0	0	0	0	0	0	0	0	0	0	0	0	0	1	2	0	1	6	0	0	503.3334171757615	485.8906689931243	464.62240330653884	400.0366759630968	347.0497159991914	13.548938071081892	11.664183954265127	12.438652989806073	9.664183954265129	8.66418395426513	0.19753185361311865	-0.11021059768782693	0.005347690973065982	0.017028362407537224	-0.009001461781585915	1	2																														20.635726	31.206274																		
0246_00128																																																																																																																																																				0	0	0	0	0	0	0	0	0	0	0	0	0	0	0	0	0	0	0	0																		11.730781331659314	16.00979612927288	-0.38156043986859345	0.3770907084348796	3.710438210352936	8.143172018704622	0.45	8.022000000000006	302.4517504056724	2	13	3.44	20	2	21	21	0	52	0	0	5.969400000000001	35.633736360000015	101.0706	1	0	0	0	0	0	0	0	0	0	0	0	0.12341815462427316	84	1752	19	42.66155332552303	1.9391615147965013	4.76417519322842	4.76417519322842	0	5.392317422778761		37.3	1		0.5	0	2.383100997386957	0.05263157894736841	0	31.58949783389692	2.383100997386957	0	0	0	0	0.4999999999999999	0	0	0	0	0	0	0	0	0	0	0	0	0	0	1	0	8	0	10	0	0	0	0	1	0	0	0	0	0	0	0	0	0	0	0	0	0	0	0	0	0	1	1	0	0	0	0	0	0	0	0	0	0	0	0	0	0	0	0	0	0	0	0	0	0	0	0	0	0	0	0	0	0	0	0	0	0	0	0	0	0	0	0	0	0	0	0	22	19.047619047619047	21.05263157894737	0.45	2139.02	0	639	16.30527233054749	10.770055610029663	7.839376234204548	4.885027805014832	3.277459591914187	2.192513902507416	1.4619531006604563	0.9712569512537079	13.785818827352465	8.237540686067028	4.994047004412524	2.919130680318674	1.7397267642779166	1.0049466492776689	0.5846119597651338	0.3461780911297117	0.2886751345948129	0.20412414523193154	0.14433756729740646	0.04564354645876384	0.03227486121839514	0.018633899812498248	0.4082482904638631	0	0	0	0.06454972243679027	0	0	0	0	0	0	0	0	0	0	0	0	0	0	0	1	10	0	1	8	0	0	1131.8512626026732	1113.4016217156268	1091.1271276882082	1026.0256445712673	970.4593276943029	23.548938071081892	21.664183954265127	22.438652989806073	19.664183954265127	18.664183954265127	0.2111912119990253	-0.10059618536110146	-0.004882611977333171	0.01412137969764766	-0.02796353370282516	1	2																														33.75420999999999	56.80778999999996																		
0246_00129																																																																																																																																																				0	0	0	0	0	0	0	0	0	0	0	0	0	0	0	0	0	0	0	0																		11.750748782864878	16.009796013841928	-0.38156736441365663	0.37695852894213594	3.6984027711784435	7.959503441074512	0.85	9.330000000000005	310.5152764362788	2	17	3.44	20	2	21	21	0	60	0	0	7.747799999999998	60.02840483999997	96.6042	1	0	0	0	0	0	0	0	0	0	0	0	0.12021121822899508	84	1752	19	42.66155332552303	1.9391615147965013	4.76417519322842	4.76417519322842	0	5.392317422778761		37.3	1		0.5	0	2.383100997386957	0.05263157894736841	0	31.58949783389692	2.383100997386957	0	0	0	0	0.4999999999999999	0	0	0	0	0	0	0	0	0	0	0	0	0	0	1	0	16	0	2	0	0	0	0	1	0	0	0	0	0	0	0	0	0	0	0	0	0	0	0	0	0	1	1	0	0	0	0	0	0	0	0	0	0	0	0	0	0	0	0	0	0	0	0	0	0	0	0	0	0	0	0	0	0	0	0	0	0	0	0	0	0	0	0	0	0	0	0	22	19.047619047619047	21.05263157894737	0.85	3019.02	0	639	16.30527233054749	10.770055610029663	7.839376234204548	4.885027805014832	3.277459591914187	2.192513902507416	1.4619531006604563	0.9712569512537079	14.823870923327839	9.63822102902279	6.4351340203232965	4.1524438478447285	2.700518942911853	1.7428885905890312	1.1145572110604103	0.704777628627849	0.2886751345948129	0.20412414523193154	0.14433756729740646	0.04564354645876384	0.03227486121839514	0.02282177322938192	0.4082482904638631	0	0	0	0.06454972243679027	0	0	0	0	0	0	0	0	0	0	0	0	0	0	0	1	2	0	1	16	0	0	1089.242094419785	1071.6051078193134	1050.64303934192	986.6821040267146	933.0000481566198	23.548938071081892	21.664183954265127	22.438652989806073	19.664183954265127	18.664183954265127	0.19512699322633595	-0.09347328414510896	-1.9547636163555482e-4	-0.003924173193197569	-8.241221045886284e-6	1	2																														42.49986599999999	62.142133999999956																		
0246_00138																																																																																																																																																				0	0	0	0	0	0	0	0	0	0	0	0	0	0	0	0	0	0	0	0																		11.729109782907356	16.01182993555624	-0.37862098475253914	0.4060525326179015	3.7768903695985108	7.367198184086058	0	-0.14400000000000002	142.10967961396034	0	3	1.6800000000000002	6	10	8	9	0	16	0	0	0.45600000000000007	0.20793600000000007	35.0758	2	0	0	0	0	0	0	0	0	0	0	0	0.525253687828814	38	151	7	18.4964894191746	1.8496489419174602	9.514169441046233	9.514169441046233	0	4.169925001442312		74.6	0.75		0.42857142857142855	0	0	0	0	3.965406456500188	3.6144080144393795	0	0.19999999999999996	0	0	1.3013952736609982	0	0	0	0	0	0	0	0	0	0	0	0	0	0	0	0	0	0	4	0	0	0	0	2	0	0	0	0	0	0	0	0	0	0	0	0	0	0	0	0	0	2	2	0	0	0	0	0	0	0	0	0	0	0	0	0	0	0	0	0	0	0	0	0	0	0	0	0	0	0	0	0	0	0	0	0	0	0	0	0	0	0	0	0	0	0	0	10	5.76	9.142857142857142	0	135.04	0	100	7.983127663125442	4.62589765768623	4.072150750610877	1.8129488288431146	1.1051717155225391	0.6606836025229591	0.3333333333333333	0.3333333333333333	5.020324848686146	2.432812155153447	1.3947088487708161	0.5887151628289267	0.2757448278253367	0.12282909844042454	0.04752566033132338	0.020328195509354927	0.5773502691896258	0.4082482904638631	0.2886751345948129	0.06085806194501846	0.03513641844631533	0.020286020648339485	0.8164965809277261	0	0	0	0.10540925533894598	0	0	0	0	0	0	0	0	0	0	0	0	0	0	0	2	4	0	0	0	0	0	326.1168454909669	319.74354299365245	320.98510211437986	244.00982960644544	193.22826584277348	13.097876142163784	10.328367908530257	12.87730597961215	8.32836790853026	7.328367908530261	0.39457420705835095	-0.2131839312105887	0.021577105143196676	0.004190212341621194	0.04157842532315167	2	4																														8.475242	17.768758																		
0246_00141																																																																																																																																																				0	0	0	0	0	0	0	0	0	0	0	0	0	0	0	0	0	0	0	0																		11.750790476045339	16.009791734806633	-0.38154684376494297	0.3769149623750533	3.708295637371992	7.842960699155564	0.75	4.778	198.3023372007622	0	9	2.56	12	2	13	13	0	36	0	0	4.0982	16.79524324	59.796200000000006	1	0	0	0	0	0	0	0	0	0	0	0	0.188229851041115	52	444	11	26.66162190205541	1.9044015644325292	4.763906576339979	4.763906576339979	0	4.700439718141093		37.3	1		0.5	0	2.2081252132060087	0.09090909090909091	0	15.159595654909138	2.2081252132060087	0	0	0	0	0.4999999999999999	0	0	0	0	0	0	0	0	0	0	0	0	0	0	1	0	8	0	2	0	0	0	0	1	0	0	0	0	0	0	0	0	0	0	0	0	0	0	0	0	0	1	1	0	0	0	0	0	0	0	0	0	0	0	0	0	0	0	0	0	0	0	0	0	0	0	0	0	0	0	0	0	0	0	0	0	0	0	0	0	0	0	0	0	0	0	0	14	11.076923076923077	13.090909090909092	0.75	1043.02	0	239	10.648418081055103	6.770055610029663	5.010949109458356	2.8850278050148317	1.863246029541091	1.1925139025074154	0.7548463194739086	0.47125695125370776	9.167016673835455	5.638221029022792	3.606706895577106	2.1524438478447294	1.2958065811539534	0.7584078794702455	0.4298395747291192	0.24903259289681098	0.2886751345948129	0.20412414523193154	0.14433756729740646	0.04564354645876384	0.03227486121839514	0.018633899812498248	0.4082482904638631	0	0	0	0.06454972243679027	0	0	0	0	0	0	0	0	0	0	0	0	0	0	0	1	2	0	1	8	0	0	621.4722032317462	603.7669846851718	582.6431131914402	518.1975488482606	464.0987894582704	15.548938071081892	13.664183954265127	14.438652989806073	11.664183954265127	10.664183954265129	0.1953355658809769	-0.0926336760586497	0.003282037329066241	-0.0014925849761104441	-0.02267017101018007	1	2																														25.008553999999997	37.393446																		
0246_00150																																																																																																																																																				0	0	0	0	0	0	0	0	0	0	0	0	0	0	0	0	0	0	0	0																		11.75372591661258	16.011836239839912	-0.3817952859252719	0.4005511579774229	3.6981384107305093	7.773337319827444	0.6666666666666666	3.3089999999999997	228.28526554824936	0	10	2.3400000000000003	12	5	14	15	0	36	0	0	3.2163999999999993	10.345228959999995	61.5134	2	0	0	0	0	0	0	0	0	0	0	0	0.3269977027553998	62	654	13	30.494707276424894	1.9059192047765559	9.528130883065193	9.528130883065193	0	4.906890595608519		74.6	0.8571428571428571		0.46153846153846156	0	0	0	0	15.159595654909138	4.4162504264120175	0	0.09090909090909091	0	0	0.8613487284962881	0	0	0	0	0	0	0	0	0	0	0	0	0	0	0	0	8	0	2	0	0	0	0	2	0	0	0	0	0	0	0	0	0	0	0	0	0	0	0	0	0	2	2	0	0	0	0	0	0	0	0	0	0	0	0	0	0	0	0	0	0	0	0	0	0	0	0	0	0	0	0	0	0	0	0	0	0	0	0	0	0	0	0	0	0	0	0	16	11.484375	15.076923076923077	0.6666666666666666	985.04	0	304	12.225768350244728	7.62589765768623	6.193471094170522	3.312948828843115	2.1658318873023608	1.4064744144215573	0.9061392483545434	0.5782372072107788	9.522478559799277	5.739272034949105	3.7943406164288573	2.271861089877919	1.4296716872698996	0.8859305449389592	0.538059148338313	0.3179652724694796	0.5773502691896258	0.4082482904638631	0.2886751345948129	0.07607257743127308	0.0537914353639919	0.03803628871563654	0.8164965809277261	0	0	0	0.11725435010626326	0	0	0	0	0	0	0	0	0	0	0	0	0	0	0	2	2	0	0	8	0	0	666.892985125589	660.2342970268735	661.4071253802529	583.6727479565084	531.5201986024084	19.097876142163784	16.328367908530257	18.87730597961215	14.328367908530257	13.328367908530257	0.38938924748200887	-0.20329388361930115	0.0070110556981455	0.012754882332866903	-0.009221966149685656	2	4																														23.780139999999996	37.66386																		
0246_00161																																																																																																																																																				0	0	0	0	0	0	0	0	0	0	0	0	0	0	0	0	0	0	0	0																		11.753726896930479	16.00996945612493	-0.4231594283451389	0.40014600801738304	3.78159279950196	7.703233232515822	0.7	2.2800000000000002	186.24850731945241	0	8	2.23	10	5	12	12	0	31	0	0	2.3815000000000004	5.671542250000002	52.574300000000015	1	0	0	0	0	0	0	0	0	0	0	0	0.30909236384076455	48	354	10	24.661690747515337	1.8970531344242567	7.177518053138907	7.177518053138907	0	4.584962500721156		57.53	0.8333333333333334		0.45454545454545453	0	0	0	0	13.18512473533854	2.170156536901524	0	0	0	0	0.4814111366353723	0	0	0	0	0	0	0	0	0	0	0	0	0	0	0	0	7	0	2	0	0	0	0	1	0	0	0	0	0	0	0	0	0	0	0	0	0	0	0	0	0	2	1	0	0	0	0	0	0	0	0	0	0	0	0	0	0	0	0	0	0	0	0	0	0	0	0	0	0	0	0	0	0	0	0	0	0	0	0	0	0	0	0	0	0	0	0	13	10.083333333333334	12	0.7	744.03	0	203	9.941311299868554	6.270055610029662	4.657395718865082	2.635027805014831	1.686469334244454	1.0675139025074154	0.6664579718255901	0.40875695125370776	7.907123488148864	4.774215467390758	3.020655480362209	1.7893328060987452	1.0884726656953396	0.6446664030493726	0.36745963755103295	0.19733320152468634	0.2886751345948129	0.20412414523193154	0.14433756729740646	0.03042903097250923	0.02151657414559676	0.015214515486254614	0.4082482904638631	0	0	0	0.05270462766947299	0	0	0	0	0	0	0	0	0	0	0	0	0	0	0	1	2	0	1	6	0	0	530.457760643073	517.3445561560188	499.0188050016247	435.8673136559354	383.5388742601434	15.323407106622838	12.996275931397692	13.77074496693864	10.996275931397694	9.996275931397694	0.28093222956641567	-0.14384126222208374	-0.0020958955552968176	0.0164559753400413	-0.008716646422778493	2	3																														20.635726	32.00827400000001																		
0246_00164																																																																																																																																																				0	0	0	0	0	0	0	0	0	0	0	0	0	0	0	0	0	0	0	0																		11.660506359236983	16.009795001621022	-0.41683024566145144	0.3770054214013722	3.697375436506008	7.777451433266298	0.7222222222222222	7.3839999999999995	278.43027861209646	2	12	3.2199999999999998	18	4	19	19	0	50	0	0	6.513400000000001	42.42437956000001	86.76360000000001	1	0	0	0	0	0	0	0	0	0	0	0	0.13406435887516369	76	1313	17	38.661554132305774	1.9330777066152887	4.764172033029732	4.764172033029732	0	5.247927513443585		37.3	1		0.5	0	2.352779665665871	0.058823529411764705	0	27.408212328519852	2.352779665665871	0	0	0	0	0.4999999999999999	0	0	0	0	0	0	0	0	0	0	0	0	0	0	1	0	12	0	2	0	0	0	2	1	0	0	0	0	0	0	0	0	0	0	0	0	0	0	0	0	0	1	1	0	0	0	0	0	0	0	0	0	0	0	0	0	0	0	0	0	0	0	0	0	0	0	0	0	0	0	0	0	0	0	0	0	0	0	0	0	0	0	0	0	0	0	0	20	17.05263157894737	19.058823529411764	0.8125	2021.02	0	521	14.891058768174391	9.770055610029663	7.132269453018	4.385027805014831	2.923906201320913	1.9425139025074156	1.2851764053638195	0.8462569512537077	12.995443798581647	8.122201263747016	5.234323992220582	3.220009600723158	1.9822627986627375	1.1933381336949123	0.6897852104525549	0.3911752479900338	0.2886751345948129	0.20412414523193154	0.14433756729740646	0.04564354645876384	0.03227486121839514	0.02282177322938192	0.4082482904638631	0	0	0	0.06454972243679027	0	0	0	0	0	0	0	0	0	0	0	0	0	0	2	1	2	0	1	12	0	0	935.1685769221588	917.3772102167112	896.1732313929787	832.090438465676	778.5254785206209	21.548938071081892	19.664183954265127	20.438652989806073	17.664183954265127	16.664183954265127	0.21261454870939586	-0.09701531694559302	-0.006048000236851585	-0.0018563175264959574	-0.0032873850126742534	1	2																														33.75420999999999	53.28778999999997																		
0246_00177																																																																																																																																																				0	0	0	0	0	0	0	0	0	0	0	0	0	0	0	0	0	0	0	0																		11.734302613404433	16.009795000028454	-0.3815618349339557	0.3769668329163307	3.704318675769064	8.107997812351414	0.6111111111111112	7.538000000000002	278.43027861209646	2	13	3.2199999999999998	18	2	19	19	0	50	0	0	5.9462	35.357294440000004	89.6354	1	0	0	0	0	0	0	0	0	0	0	0	0.13406435887516369	76	1313	17	38.661554132305774	1.9330777066152887	4.764172033029732	4.764172033029732	0	5.247927513443585		37.3	1		0.5	0	2.352779665665871	0.058823529411764705	0	27.408212328519852	2.352779665665871	0	0	0	0	0.4999999999999999	0	0	0	0	0	0	0	0	0	0	0	0	0	0	1	0	10	0	6	0	0	0	0	1	0	0	0	0	0	0	0	0	0	0	0	0	0	0	0	0	0	1	1	0	0	0	0	0	0	0	0	0	0	0	0	0	0	0	0	0	0	0	0	0	0	0	0	0	0	0	0	0	0	0	0	0	0	0	0	0	0	0	0	0	0	0	0	20	17.05263157894737	19.058823529411764	0.6111111111111112	2021.02	0	521	14.891058768174391	9.770055610029663	7.132269453018	4.385027805014831	2.923906201320913	1.9425139025074156	1.2851764053638195	0.8462569512537077	12.890631312967056	7.9378808575449105	5.0209204579502	3.0301082351298794	1.8283404002621848	1.070632961290653	0.6220986890041658	0.3670645254330692	0.2886751345948129	0.20412414523193154	0.14433756729740646	0.04564354645876384	0.03227486121839514	0.02282177322938192	0.4082482904638631	0	0	0	0.06454972243679027	0	0	0	0	0	0	0	0	0	0	0	0	0	0	0	1	6	0	1	10	0	0	994.6000517975787	976.7294403138042	955.384830162447	890.6879766587332	835.7143248693816	21.548938071081892	19.664183954265127	20.438652989806073	17.664183954265127	16.664183954265127	0.20306516742002387	-0.09737389751507133	-0.003550778755745828	0.007139500337129664	3.3597298283733124e-4	1	2																														33.75420999999999	53.287789999999966																		
0246_00188																																																																																																																																																				0	0	0	0	0	0	0	0	0	0	0	0	0	0	0	0	0	0	0	0																		11.750683343118432	16.009974607126477	-0.42052563339623616	0.3769586229748658	3.6990122589543835	8.240739864874605	0.8333333333333334	6.107	298.46144655496903	2	15	3.11	18	2	19	20	0	55	0	0	5.5985	31.343202249999994	89.07090000000001	1	0	0	0	0	0	0	0	0	0	0	0	0.1928913549335683	82	1444	19	40.48179408979034	1.9277044804662067	7.2799417061790415	7.2799417061790415	0	5.321928094887363		57.53	1		0.5	0	2.187392420073618	0.19802950859533489	0	23.471998060139263	6.023499544017391	0	0.09090909090909091	0	0	0.43067436424814404	0	0	0	0	0	0	0	0	0	0	0	0	0	0	1	0	13	0	2	0	1	0	0	1	0	0	0	0	0	0	0	0	0	0	0	0	0	0	0	0	0	2	1	0	0	0	0	0	0	0	0	0	0	0	0	0	0	0	0	0	0	0	0	0	0	0	0	0	0	0	0	0	0	0	0	0	0	0	0	0	0	0	0	0	0	0	0	21	16.3718820861678	17.950138504155124	0.8333333333333334	2496.03	0	546	15.76130225617747	10.163902460147016	7.754131265950344	4.778874655132183	3.169958851788624	2.093561472798023	1.3690452392140255	0.935454461366659	13.72711444445778	8.712916499697679	5.910446224610641	3.7271594567771413	2.3644938434173746	1.4899910124982454	0.9182002125959322	0.5831239366178875	0.696923425058676	0.6371368471241509	0.5525858577612696	0.2114662386262845	0.1925623596158519	0.16659118125816072	0.696923425058676	0	0	0	0.19364916731037082	0	0	0	0	0	0	0	0	0	0	0	0	0	0	0	1	2	0	1	14	0	0	1021.5459175995428	1019.0347946384354	1038.000275581125	971.0081746828051	914.9279150455761	23.323407106622838	20.99627593139769	23.1028369440712	20.328367908530254	19.328367908530254	0.2732774188270936	-0.11492551529741821	-0.02367187439051997	-0.0027916268000655075	0.00991107110736548	2	3																														38.12703799999999	56.756961999999966																		
0246_00192																																																																																																																																																				0	0	0	0	0	0	0	0	0	0	0	0	0	0	0	0	0	0	0	0																		11.750748774046457	16.009797086446255	-0.38157128246567656	0.37698836420529197	3.698279062238873	7.96137161500203	0.8636363636363636	10.468000000000007	338.5685112451579	2	19	3.6599999999999997	22	2	23	23	0	66	0	0	8.660199999999994	74.99906403999991	105.8062	1	0	0	0	0	0	0	0	0	0	0	0	0.11025114530713472	92	2279	21	46.66155312382735	1.944231380159473	4.764175983278092	4.764175983278092	0	5.523561956057013		37.3	1		0.5	0	2.408373083650825	0.047619047619047616	0	35.802699138858394	2.408373083650825	0	0	0	0	0.4999999999999999	0	0	0	0	0	0	0	0	0	0	0	0	0	0	1	0	18	0	2	0	0	0	0	1	0	0	0	0	0	0	0	0	0	0	0	0	0	0	0	0	0	1	1	0	0	0	0	0	0	0	0	0	0	0	0	0	0	0	0	0	0	0	0	0	0	0	0	0	0	0	0	0	0	0	0	0	0	0	0	0	0	0	0	0	0	0	0	24	21.043478260869566	23.047619047619047	0.8636363636363636	3673.02	0	769	17.71948589292058	11.770055610029663	8.546483015391095	5.385027805014832	3.631012982507461	2.442513902507416	1.6387297959570932	1.0962569512537077	16.238084485700934	10.63822102902279	7.142240801509845	4.6524438478447285	3.0540723335051267	1.992888590589031	1.2913339063570473	0.829777628627849	0.2886751345948129	0.20412414523193154	0.14433756729740646	0.04564354645876384	0.03227486121839514	0.02282177322938192	0.4082482904638631	0	0	0	0.06454972243679027	0	0	0	0	0	0	0	0	0	0	0	0	0	0	0	1	2	0	1	18	0	0	1206.052323608889	1188.4169715264152	1167.4600488131784	1103.51255299668	1049.853015864033	25.548938071081892	23.664183954265127	24.438652989806073	21.664183954265127	20.664183954265127	0.19512699322621074	-0.09347328415093807	-1.954767213750777e-4	-0.003924188174311862	-8.665506545584211e-6	1	2																														46.87269399999999	68.32930599999997																		
0246_00828																																																																																																																																																				0	0	0	0	0	0	0	0	0	0	0	0	0	0	0	0	0	0	0	0																		11.824479048137336	16.012168276472156	-0.40765537574674343	0.41411765751523916	3.673502172156344	7.143550854192081	0.6	-1.116	148.1142301523933	0	4	1.4599999999999997	5	2	7	9	0	18	0	0	-0.6343	0.40233649	29.7049	2	0	0	0	0	0	0	0	0	0	0	0	0.6405823470497873	40	136	9	18.323746587069913	1.8323746587069913	11.931914607483428	11.931914607483428	0	4.169925001442312		94.83	1		0.5	0	0	0	0	1	3.5327755290014426	0	1.3103706971044482	0	0	2.4735189898367644	0	0	0	0	0	0	0	0	0	0	0	0	0	0	0	0	2	0	0	0	1	0	0	2	0	0	0	0	0	0	0	0	0	0	0	0	0	0	0	0	0	3	2	0	0	0	0	0	0	0	0	0	0	0	0	0	0	0	0	0	0	0	0	0	0	0	0	0	0	0	0	0	0	0	0	0	0	0	0	0	0	0	0	0	0	0	0	10	4.760330578512397	5.530864197530864	0.6	199.05	0	85	8.146264369941973	4.536581260209188	4.192497939355983	2.3374299245754706	0.9295583781982709	0.7182335127930839	0.3849001794597505	0	5.149701198990321	2.6641375913629317	1.7864491217475995	0.9167001317986454	0.38366908115683196	0.17869511482988704	0.05281420117259434	0	1.4957819157813605	0.7628917115316042	0.9106836025229592	0.249123923231485	0.1401993161820859	0.10514236716850585	0.9772838841927123	0	0.23570226039551587	0	0.20854144302379093	0	0.016666666666666666	0	0	0	0	0	0	0	0	0	0	0	0	0	2	0	0	0	3	0	0	291.05536793359386	295.40499399218766	324.7279622397462	256.29100183496104	165.76262254492192	13.87234517770473	10.660459885662823	14.541489933877278	12.209397956744716	7.660459885662825	0.4972387436228868	-0.18039557517511165	-0.08549534181767768	0.12625174107838144	-0.10502396977455336	3	5																														10.661655999999999	18.144343999999997																		
0246_00834																																																																																																																																																				0	0	0	0	0	0	0	0	0	0	0	0	0	0	0	0	0	0	0	0																		11.753739189386085	16.01183191407429	-0.38180085549141884	0.40049759083641956	3.696757565107909	7.5834332368815955	0.5	1.033	172.1787959304911	0	6	1.9	8	5	10	11	0	24	0	0	1.3916000000000002	1.9365505600000004	43.109399999999994	2	0	0	0	0	0	0	0	0	0	0	0	0.43353552080213215	46	268	9	22.495131596127205	1.874594299677267	9.52480673020353	9.52480673020353	0	4.459431618637298		74.6	0.8		0.4444444444444444	0	0	0	0	7.473424936522629	4.008290259196815	0	0.14285714285714285	0	0	1.100642416298209	0	0	0	0	0	0	0	0	0	0	0	0	0	0	0	0	4	0	2	0	0	0	0	2	0	0	0	0	0	0	0	0	0	0	0	0	0	0	0	0	0	2	2	0	0	0	0	0	0	0	0	0	0	0	0	0	0	0	0	0	0	0	0	0	0	0	0	0	0	0	0	0	0	0	0	0	0	0	0	0	0	0	0	0	0	0	0	12	7.638888888888889	11.11111111111111	0.5	397.04	0	156	9.397341225498538	5.62589765768623	4.779257531797425	2.312948828843115	1.4587251061158129	0.9064744144215573	0.5525858577612696	0.33034180126147955	6.694051435053085	3.7392720349491047	2.3801270540557624	1.2718610898779183	0.7225649060833523	0.3926489083233783	0.19547955215213886	0.0921218238303184	0.5773502691896258	0.4082482904638631	0.2886751345948129	0.07607257743127308	0.0537914353639919	0.03803628871563654	0.8164965809277261	0	0	0	0.11725435010626326	0	0	0	0	0	0	0	0	0	0	0	0	0	0	0	2	2	0	0	4	0	0	433.5801257064059	426.97291197628806	428.3068100092546	351.1196081329347	299.92367376049816	15.097876142163784	12.328367908530257	14.87730597961215	10.328367908530259	9.328367908530259	0.38940562332628453	-0.20318855587118118	0.007857509408486119	0.01646282526642169	-0.004390237620038772	2	4																														15.034483999999997	25.289516																		
0246_00867																																																																																																																																																				1	0	0	0	0	0	0	0	1	0	0	1	0	0	0	0	0	0	0	0																		11.82525852451869	16.010309141363205	-0.3806508592256288	0.40036953032507894	3.94517823821063	7.787329012687724	0.6	-0.8270000000000002	129.11418275046472	0	1	1.5699999999999998	5	3	6	9	0	16	0	0	-0.6725999999999999	0.45239075999999984	28.162499999999998	1	1	0	1	0	0	0	1	0	0	0	0	0.5145587854698624	42	87	8	17.30097271600226	1.9223303017780289	10.253976833433384	7.296442351268931	2.957534482164446	4.169925001442312		66.4	0.6666666666666666		0.4	0	0	0	0	1	3.5327755290014426	0	1.6509636244473134	0	0	0.814325284978472	0	0	0	0	0	0	0	0	0	0	0	0	0	0	0	0	2	0	0	0	1	0	0	2	0	0	0	0	0	0	0	1	0	0	0	0	0	0	0	0	0	1	2	0	0	0	0	0	0	0	0	0	0	0	0	0	0	0	0	0	0	0	0	0	0	0	0	0	0	0	0	0	0	0	0	0	0	0	0	0	0	0	0	0	0	0	0	7.111111111111111	2.7222222222222223	1.7041420118343196	0.6	184.04	0.5555555555555556	68	6.8533711511285205	4.198377302757663	3.9223208363498174	2.678184157190876	1.856620697849194	1.1250757751840672	0.46461561670578394	0	4.755274007990405	2.721007038460605	1.9970125628523645	1.2933889822742293	0.7993116838186913	0.29115416915305703	0.08694193129332006	0	1.3896048410856587	1.4810294058350923	1.5398816434360698	0.36682784951649916	0.3832294108706945	0.22140420257355972	0.7886751345948129	0	0.16666666666666666	0	0.22693548393414198	0	0.018633899812498248	0	0	0	0.11785113019775793	0.18589251194173512	0.2041241452319315	0	0	0.07216878364870323	0.0655471743737911	0.04560021315863705	0	0	2	0	0	0	3	0	0	331.24561279003916	366.0629055214845	462.7680678730471	256.4361291132813	134.55422553125004	11.683387407899318	10.328639797758582	14.82275236354659	10.43529110266349	6.660459885662825	0.3798822604124763	-0.16960757438837332	-0.005452173560254344	0.0874124219227669	-0.21598193720186354	2	4																														10.228449	16.973550999999997																		
0246_00869																																																																																																																																																				1	0	0	0	0	0	0	0	1	0	0	0	0	0	0	0	0	0	0	0																		11.817351842604909	16.00996864284433	-0.41925429701789074	0.3983332970298096	4.03124749456349	8.12873590786065	0.8333333333333334	-0.4280000000000001	145.1566816625559	0	1	1.6800000000000002	6	2	7	10	1	21	0	0	-0.5672999999999997	0.32182928999999966	34.1011	1	1	0	1	0	0	0	0	1	0	0	0	0.4794797907308937	46	120	11	19.385708226955543	1.9385708226955543	10.322082744672963	7.32686239464162	2.995220350031334	4.321928094887363		69.56	1		0.5	0	0	0	0	1.6509636244473134	5.181129587616003	0	1.3103706971044482	0	0	0.7211247851537042	0	0	0	0	0	0	0	0	0	0	0	0	0	0	0	0	3	0	0	0	2	0	0	1	0	0	0	0	0	0	0	1	0	0	0	0	0	0	0	0	0	2	1	0	0	0	0	0	0	0	0	0	0	0	0	0	0	0	0	0	0	0	0	0	0	0	0	0	0	0	0	0	0	0	0	0	0	0	0	0	0	0	0	0	0	0	0	8.1	3.408284023668639	2.2857142857142856	0.8333333333333334	351.04	0.6	88	7.5604779323150675	4.698377302757664	4.263968845143928	3.0033225583660825	1.9525297451157202	1.4491352930730956	0.9199574179672636	0.19245008972987526	5.578696363402673	3.3415783639035608	2.5302455916685482	1.6865365354795863	1.0522599014424676	0.7139984006165012	0.2521075953133109	0.050408575050970905	1.448688404983744	1.404193778638575	1.498266827140417	0.4511047092368879	0.43844184457745344	0.4291280056997097	0.7886751345948129	0	0.16666666666666666	0	0.2838661451590193	0	0.018633899812498248	0	0	0	0	0.08333333333333333	0.13144585576580214	0	0	0	0.05892556509887897	0.05581509638417598	0	0	1	0	0	1	4	0	0	421.3594260104983	460.6248649409182	567.6921146975102	442.74221204882843	203.7478088300782	12.683387407899318	11.328639797758582	15.60138274361254	13.822842655777984	7.660459885662825	0.35452213109450276	-0.14154558413020257	-0.1245923301828811	0.18500002726084758	-0.04733378720481974	3	4																														13.643276999999998	21.400723																		
0246_00881																																																																																																																																																				1	0	1	0	0	0	0	0	1	0	0	0	0	0	0	0	0	0	0	0																		11.832978799504346	16.01096434222707	-0.37924940225934756	0.4083841573707793	4.046455935948006	8.187199597666709	0.4	-1.675	158.11235013124434	0	1	1.3499999999999996	4	6	6	11	0	17	0	0	-1.2137999999999998	1.4733104399999994	31.6505	1	1	0	1	0	0	0	0	1	0	0	0	0.6043050946026679	52	150	13	21.234450813646628	1.9304046194224207	15.771238251157746	9.83852306859487	5.9327151825628555	4.459431618637298		95.50000000000001	0.6666666666666666		0.4	0	0	0	0	0	2.5557724169850897	0	2.94168275343288	0	0	1.4509627050731748	0	0	0	0	0	0.4999999999999999	0	0	0	0	0	0	0	0	0	0	1	0	0	0	1	0	0	3	0	0	0	0	0	0	0	2	0	0	0	0	0	0	0	0	0	1	3	0	0	0	0	0	0	0	0	0	0	0	0	0	0	0	0	0	0	0	0	0	0	0	0	0	0	0	0	0	0	0	0	0	0	0	0	0	0	0	0	0	0	0	0	9.090909090909092	3.6	2.5	0.4	179.06	0.5454545454545454	91	8.430721420318147	5.092224152875016	4.921546803473762	3.1577836101400347	2.55354412290787	1.8334908144462918	0.7802913253060183	0.3793570624858995	5.456415517267721	2.9251311836925367	2.1165857187214145	1.2458908902442964	0.757462021767158	0.4092546754854462	0.13073168406599806	0.03703968647485212	1.663854610520907	2.2307921487931592	3.0691036921843726	0.3857217583955785	0.41136205663244885	0.37294727992657994	1.0773502691896257	0	0.16666666666666666	0	0.27796652024212487	0	0.018633899812498248	0	0	0	0	0.06804138174397717	0.17536647355387364	0	0	0	0.025515518153991442	0.03359109241032905	0	0	2	0	0	0	2	0	0	422.21837440722675	471.4781720312501	606.1293343095705	491.6069542578127	293.2617003525392	14.817836744716745	12.993095641252035	19.2896558589563	16.431838923289508	13.818756405715957	0.5597162104307035	-0.28414981171831205	0.16566604815186603	-0.07247400081953932	-0.34194535871973825	3	6																														10.753241999999998	18.208757999999996																		
0246_00885																																																																																																																																																				0	0	0	0	0	0	0	0	1	0	0	0	0	0	0	0	0	0	0	0																		11.68906431683419	16.010313741507932	-0.3800520709045792	0.39404500474156445	3.697040351488785	8.968367904641145	0.09090909090909091	-1.1070000000000002	205.21036114649587	0	5	2.23		11	11	15	0	26	0	0	0.7089999999999997	0.5026809999999996	60.2273	1	1	1	1	1	0	0	0	1	0	0	0	0.3237857288000296	66	446	15	29.361932130973926	1.9574621420649285	10.19385120105202	7.272234109248751	2.9216170918032596	4.906890595608519		66.4	1		0.5	0	0	0	0	10.097175705587789	7.726782694354416	0	0.7937005259840998	0	0	0.814325284978472	0	0	0	0	0	0	0	0	0	0	0	0	0	0	0	0	1	0	2	5	0	0	0	2	1	0	0	0	0	0	0	1	0	0	0	0	0	0	0	0	0	1	2	0	0	0	0	0	0	0	0	0	0	0	0	0	0	0	0	0	0	0	0	0	0	0	0	0	0	0	0	0	0	0	0	0	0	0	0	0	0	0	0	0	0	0	0	13.066666666666666	7.302469135802469	6.222222222222222	0.09090909090909091	466.04	0.4	233	11.096011838247806	7.181540550352057	6.15775494877303	4.029275324031901	2.7582235557284	2.3253585802840226	1.0236743809538889	0.6341796294226384	8.012268841941612	4.410329074446309	2.8555596397840497	1.640575558618267	0.9577162881212211	0.5971514311492473	0.23056369706035054	0.11828828355299736	1.1299361269508954	1.1403501907727513	1.5466761211154634	0.27462888542371705	0.2661902231474334	0.24584051248401564	0.9010475702906076	0	0	0	0.21970033240060688	0	0	0	0	0	0	0.10206207261596577	0.07216878364870323	0	0	0	0.032075014954979206	0.018518518518518517	0	0	2	7	1	1	0	0	0	705.3557445837012	752.6151969835205	877.1181209550754	750.3688304377214	572.8966907924806	17.683387407899318	16.328639797758584	20.656570430366145	16.937289081578804	13.494549841710702	0.3917120150139731	-0.18657600902776517	-0.021539683137328795	0.09469925431636106	-0.17069290408834895	2	4																														14.601276999999998	30.200723																		
0246_00886																																																																																																																																																				2	0	0	1	0	0	0	0	2	0	0	0	0	0	0	0	0	0	0	0																		11.824505209018234	16.013916495956295	-0.3967551637766836	0.4089887589620321	3.917206361641544	8.973639383992516	0.6	-4.0969999999999995	290.27353493030455	1	10	1.46	5	4	13	19	4	38	0	0	-1.6616	2.76091456	65.0461	3	0	0	0	0	0	0	0	0	0	0	0	0.649139286783046	86	1009	23	37.81421879624847	1.8907109398124233	25.280391292966762	14.33317535430581	10.947215938660948	5.247927513443585		188.32999999999996	1		0.5	0	0	0	0	2.1925173326966387	6.828149494536315	0	3.6565777061506166	0	0	2.3121014023233912	0	0	0.14285714285714285	1.1628614739364387	0	0.4999999999999999	0	0	0	0	0	0	0	0	0	0	4	0	0	0	2	0	0	4	0	0	0	0	2	0	0	1	0	0	0	1	0	0	0	0	0	3	3	0	0	0	0	0	0	0	0	0	0	0	0	0	0	0	0	0	0	0	0	0	0	0	0	0	0	0	0	0	0	0	0	0	0	0	0	0	0	0	0	0	0	0	0	20	10.6875	10.41209829867675	0.6	989.1	0	359	15.706742302257043	9.234958562966854	8.480277548098238	5.166541908754304	3.1731771504282444	2.393477369679996	1.1190632126331606	0.6567959856141149	10.651427454896115	5.731111235946135	3.9869441387782683	2.2715413000500972	1.2330374519989928	0.6377298274107941	0.279563498002264	0.1522461475065844	2.8107877973349016	2.466203211240243	3.397891338444807	0.6250188589426668	0.5380230081067885	0.45499672116372625	1.7659590187875254	0	0.4023689270621825	0	0.4544219030262502	0	0.04015047395809501	0	0	0	0	0	0	0	0	0	0	0	0	0	3	0	0	1	5	0	0	870.604850964788	923.1733996910508	1089.2062658310192	1043.66101045664	955.399499259835	26.0867354183516	21.98964346187806	30.22680953914989	28.36967178332497	27.09311447663731	0.8098369875328741	-0.3733762532777399	0.03878396853739785	0.055306033720623045	-0.3607115607365025	6	10																														23.211726	38.814274																		
0246_00887																																																																																																																																																				0	0	0	0	0	0	0	0	0	0	0	0	0	0	0	0	0	0	0	0																		11.75715120268652	16.011828135250166	-0.3789932230769062	0.418237759825701	3.673827170374806	6.591720571776926	0	-0.416	116.07232631273277	0	2	1.46	4	8	6	7	0	12	0	0	-0.011800000000000026	1.392400000000006e-4	24.7572	2	0	0	0	0	0	0	0	0	0	0	0	0.6430426993668362	30	74	5	14.501920711364184	1.812740088920523	9.471620284417032	9.471620284417032	0	3.807354922057604		74.6	0.6666666666666666		0.4	0	0	0	0	1	2.8284271247461903	0	0.33333333333333337	0	0	1.628650569956944	0	0	0	0	0	0	0	0	0	0	0	0	0	0	0	0	0	0	2	0	0	0	0	2	0	0	0	0	0	0	0	0	0	0	0	0	0	0	0	0	0	2	2	0	0	0	0	0	0	0	0	0	0	0	0	0	0	0	0	0	0	0	0	0	0	0	0	0	0	0	0	0	0	0	0	0	0	0	0	0	0	0	0	0	0	0	0	8	3.9375	7.2	0	65.04	0	56	6.568914100752346	3.625897657686229	3.36504396942433	1.3213672050459184	0.6666666666666666	0.6666666666666666	0	0	3.8656243103068935	1.7661454884867802	1.0098086693110657	0.3684872953212736	0.14257698099397015	0.06098458652806478	0	0	0.5773502691896258	0.3333333333333333	0.6666666666666666	0.06085806194501846	0.03042903097250923	0.026030876223794262	0.8164965809277261	0	0	0	0.10540925533894598	0	0	0	0	0	0	0	0	0	0	0	0	0	0	0	2	2	0	0	0	0	0	203.99023851171881	198.16109316406252	200.57319433007814	130.2726779882813	86.53689947656252	11.097876142163784	8.32836790853026	10.877305979612151	6.32836790853026	5.32836790853026	0.39646475309858126	-0.20448432307404255	0.062361794287223035	0.04314620737000268	-0.26059417083651365	2	4																														6.2888280000000005	12.915171999999998																		
0246_00893																																																																																																																																																				0	0	0	0	0	0	0	0	0	0	0	0	0	0	0	0	0	0	0	0																		11.674228271663116	16.00979266010255	-0.404431815767891	0.4025856791587248	3.920544135621411	9.823162700503628	0	1.2280000000000002	187.19507471127488	0	2	2.34		14	9	15	0	23	0	0	0.3197999999999996	0.10227203999999973	58.2415	1	2	2	1	1	0	0	1	1	0	0	0	0.2637074854232012	70	313	17	28.314327588261175	2.022451970590084	7.888698102866173	4.785795262945204	3.1029028399209713	4.906890595608519		49.33	1		0.5	0	0	0	0	7.6799680749245915	11.53913096923459	0	2.701599969404812	0	0	0.4999999999999999	0	0	0	0	0	0	0	0	0	0	0	0	0	0	0	0	0	0	2	5	0	0	0	1	1	2	0	0	0	0	0	0	1	0	0	0	0	0	0	0	0	1	1	0	0	0	0	0	0	0	0	0	0	0	0	0	0	0	0	0	0	0	0	0	0	0	0	0	0	0	0	0	0	0	0	0	0	0	0	0	0	0	0	0	0	0	0	10.515555555555556	4.68	2.5344	0	394.03	0.6428571428571429	182	9.966255326250884	6.770856947829097	6.017018360165373	4.5964261945330325	3.7634124861032894	2.9209952985072722	1.8755402325220951	1.2689159839453699	7.396913770291203	4.243115083884122	2.961171719161202	2.0267113789074833	1.392922888410498	0.8654778090218618	0.4343841100161554	0.23527301460543515	1.6693572298359234	2.549659828522119	3.0760074316010297	0.5738228594861501	0.7746161062673628	0.7493339545869241	0.8776643872851507	0	0.13608276348795434	0	0.2803755283002128	0	0.04488959454956774	0	0	0	0.09622504486493763	0.2874574785652648	0.3957132221261607	0	0	0.036084391824351615	0.09027777777777778	0.09994656142648102	0	0	2	7	2	0	0	0	0	801.4658096437838	924.3914801862794	1246.4061233001248	1030.6076597274782	720.4562092224122	15.908918372358373	15.99654782062602	21.937198789347413	18.162729753806467	13.99654782062602	0.2333374028602112	-0.12437051905854721	0.011247334216119152	0.007672510057017143	0.012731893445887111	2	3																														11.456862999999997	28.065136999999996																		
0246_00901																																																																																																																																																				0	0	0	0	0	0	0	0	0	0	0	0	0	0	0	0	0	0	0	0																		11.801331501929681	16.010056310792756	-0.4178783061816519	0.3847912655197835	4.002266752983215	8.194089674519445	0.8333333333333334	-0.035999999999999976	130.14203770169408	0	0	1.79	5	3	5	9	0	19	0	0	-0.2879999999999997	0.08294399999999982	31.018600000000006	0	1	0	1	0	0	0	0	1	0	0	0	0.3577497217001253	44	82	9	17.31070841533647	1.9234120461484967	7.868014671503145	7.868014671503145	0	4.169925001442312		46.53	0.3333333333333333		0.25	0	1.3103706971044482	0.33333333333333337	1	1.6509636244473134	1.6509636244473134	2.381101577952299	0	0.4999999999999999	0	0.25	0.7071067811865476	0	0	0	0	0	0	0	0	0	0	0	0	0	1	0	3	0	0	0	0	0	0	1	0	0	1	0	0	0	0	0	0	0	0	0	0	0	0	0	0	1	1	1	0	0	0	0	0	0	0	0	0	0	0	0	0	0	0	0	0	0	0	0	0	0	0	0	0	0	0	0	0	0	0	0	0	0	0	0	0	0	0	0	0	0	0	7.111111111111111	2.3195266272189348	2	0.8333333333333334	289.03	0.6666666666666666	61	6.905777393935816	4.1009536313038994	4.365737948315653	2.4515243859425575	2.0765243859425575	1.045385137588014	0.6371368471241509	0	5.3850305199873265	2.9811903945884763	2.6441882207074854	1.4288630812166554	0.8351096356532495	0.4211296951785243	0.1640567106561203	0	1.4448143829493563	2.4304129426028456	2.3003212645389097	0.6987251258336462	0.7389863808624233	0.5566018255511856	1.4957819157813603	0.25	0	0	0.7369567299907065	0.11180339887498948	0	0	0	0	0	0.07216878364870323	0.2165063509461097	0	0	0	0.036084391824351615	0.06695321370826893	0	0	1	0	0	2	2	1	0	359.06960264062525	393.9885644687502	517.6078720000003	334.5249208437501	138.47523050000007	11.323407106622838	10.328367908530259	15.76702089833633	10.660459885662823	7.545214002479587	0.3515156930590312	-0.15696098012183213	0.0539050313611316	-0.1643528144981639	0.09165091672934884	1	3																														13.806069999999997	19.633929999999996																		
0246_00908																																																																																																																																																				1	0	0	1	0	0	0	0	1	0	0	0	0	0	0	0	0	0	0	0																		11.833264004074493	16.012531073217094	-0.38241386247847203	0.40730737070538237	3.856579892334373	8.487486950100013	0.5	-3.431	175.1396100100431	0	5	1.46	4	3	7	11	0	21	0	0	-1.2236999999999996	1.497441689999999	36.0516	2	0	0	0	0	0	0	0	0	0	0	0	0.5924086940385839	50	211	12	22.167514545706887	1.8472928788089071	14.84806753452604	11.953673360513163	2.894394174012872	4.459431618637298		103.7	1		0.5	0	0.25	1.437216447852337	0	0	2.5557724169850897	0	2.6207413942088964	0	0	2.316230351238589	0	0	0	0	0	0	0	0	0	0	0	0	0	0	1	0	1	0	0	0	1	0	0	3	0	0	0	0	0	0	0	1	0	0	0	0	0	0	0	0	0	2	3	0	0	0	0	0	0	0	0	0	0	0	0	0	0	0	0	0	0	0	0	0	0	0	0	0	0	0	0	0	0	0	0	0	0	0	0	0	0	0	0	0	0	0	0	12	5.612244897959184	6.25	0.5	268.06	0	101	9.723614639131599	5.430428110326541	5.263194812267873	2.4911169434733687	1.8515538194352392	1.473562287363385	0.3849001794597505	0	6.403629112767679	3.148737981442516	2.1892099993507244	1.054334273930277	0.6200596249328842	0.27715196708153544	0.06147722918696152	0	1.468592464645272	1.7030203017602072	2.6580349582349823	0.3491857639250047	0.3685525130544225	0.3111574835049067	1.3164965809277263	0	0.16666666666666666	0	0.3213784953381948	0	0.018633899812498248	0	0	0	0	0	0	0	0	0	0	0	0	0	3	0	0	1	2	0	0	418.2405598740236	439.0499275761721	518.6449216704104	451.16942712109386	391.97124639746113	16.23232547898121	12.99282375202371	18.261405353352664	14.9335650129765	16.763659011193745	0.5837628568884624	-0.23895964175519988	0.022335596840609838	0.05358188131299762	-0.29966005888714237	3	6																														13.372862999999999	21.671136999999998																		
0246_00909																																																																																																																																																				0	0	0	0	0	0	0	0	0	0	0	0	0	0	0	0	0	0	0	0																		11.788508825508046	16.01074312655851	-0.42228768796105637	0.4239517779065601	4.251353764034305	9.000895408010194	0.8571428571428571	-1.9790000000000003	192.16686988884186	0	1	1.5699999999999998		2	7	13	0	25	0	0	-2.3923000000000005	5.723099290000002	39.705200000000005	1	1	0	1	0	0	0	0	1	0	0	0	0.6155259526969024	66	224	21	24.83493486052061	1.9103796046554318	14.769433742694572	14.769433742694572	0	4.700439718141093		118.22000000000001	0.5		0.3333333333333333	0	0	0	0	0.4999999999999999	4.298279727294167	2	2.94168275343288	2.1491398636470835	0	3.729363863581099	0	0	0	0	0	0	0	0	0	0	0	0	0	0	0	0	2	0	0	0	3	0	0	1	0	0	1	0	0	0	0	0	0	0	0	0	0	0	0	0	0	5	1	0	0	0	0	0	0	0	0	0	0	0	0	0	0	0	0	0	0	0	0	0	0	0	0	0	0	0	0	0	0	0	0	0	0	0	0	0	0	0	0	0	0	0	0	11.076923076923077	3.63	2.0833333333333335	0.8571428571428571	469.06	0.46153846153846156	119	10.223614639131597	5.865696509323883	6.0306635598703044	4.76555998032428	2.9584409155828855	2.088096486686304	1.1677396192080185	0.36447099623972595	6.790580637905627	3.866204438754313	3.370273186548409	2.2801948728088677	1.4478402131992958	0.9062586972507136	0.39785097486944515	0.0864343143753382	4.129477216836325	4.7890220644217845	6.917171077606589	1.2119818215185971	1.4022409863929537	1.559664865608236	1.7551156028769896	0.14433756729740646	0.8247513847371782	0.14433756729740646	0.7374456356024514	0.05590169943749474	0.10612239208404493	0.010206207261596576	0	0	0	0.048112522432468816	0.22022786750765305	0	0	0	0.048112522432468816	0.11012255779862146	0	0	1	0	0	0	5	1	0	588.8443029860844	684.1250932163091	970.2943762082521	890.2194979687499	516.3313395742189	17.646814213245676	14.992551862795384	24.42748078399915	28.082979867754553	19.644326877948483	0.5609425531690749	-0.09773868292789215	-0.15790466881862794	0.027834648059507423	-0.20984225634013062	5	6																														14.076483999999995	25.13351599999999																		
0246_00910																																																																																																																																																				1	0	0	0	0	0	0	0	1	0	0	0	0	0	0	0	0	0	0	0																		11.693736655070346	16.010557585637052	-0.400502785768776	0.40116012256148476	4.262081362908119	9.280378150298072	0.2727272727272727	-2.4349999999999996	223.22564758171683	0	5	2.12		7	10	16	0	29	0	0	-0.05280000000000107	0.002787840000000113	60.378899999999994	1	1	1	1	1	0	0	0	1	0	0	0	0.38832826265288284	74	472	19	31.074939020056785	1.942183688753549	12.660175619474508	9.736183572514058	2.9239920469604606	5		86.63000000000001	0.8		0.4444444444444444	0	0.8496856621722124	1.45452689788172	0	4.883593419305869	9.682336231169362	0	3.1932262875153254	0	0	1.0837251922653914	0	0	0	0	0	0	0	0	0	0	0	0	0	0	1	0	1	0	0	4	1	0	0	2	2	0	0	0	0	0	0	1	0	0	0	0	0	0	0	0	0	2	2	0	0	0	0	0	0	0	0	0	0	0	0	0	0	0	0	0	0	0	0	0	0	0	0	0	0	0	0	0	0	0	0	0	0	0	0	0	0	0	0	0	0	0	0	14.0625	6.666666666666667	5.264462809917355	0.2727272727272727	601.05	0.375	221	12.129392033067417	7.486071002992368	6.9952456198367505	4.488474229930218	3.239024818761597	2.834667467729671	1.3321741690308473	0.7715712695893943	8.80478189906232	4.765981041256503	3.461918636338395	2.051756413096851	1.3131721528542306	0.8531189857386988	0.3770923585357116	0.18641653119176957	2.04766475950619	2.3107134940831964	3.509628561027698	0.6021084061143269	0.6683674136924933	0.7069692981057759	1.4010475702906076	0	0.16666666666666666	0	0.44921550234915547	0	0.018633899812498248	0	0	0	0	0.08333333333333333	0.1422588984322123	0	0	0	0.027777777777777776	0.032064454907958485	0	0	2	5	1	1	2	0	0	787.5481037198906	868.2614547789227	1095.0509142257586	1003.9718654731141	825.7142512943119	19.457856443440264	17.660731774891147	24.486936317811722	21.933565012976494	19.65700770628884	0.4397553908055676	-0.186463510633841	-0.04463411222290674	0.08863240651991193	-0.1384107526254548	3	5																														16.787691	32.336309																		
0246_01190																																																																																																																																																				0	0	0	0	0	0	0	0	0	0	0	0	0	0	0	0	0	0	0	0																		11.74232326078811	16.010430634834808	-0.4221081174821409	0.3774102849054287	3.8895817699115143	12.704592232747235	0.9583333333333334	5.366000000000001	408.57231631379034	1	4	3.55		2	15	32	0	69	0	0	3.089899999999996	9.547482009999976	110.5571	1	4	0	1	0	0	0	1	3	0	0	0	0.24000240534383332	166	2060	60	58.87257972579454	2.0300889560618804	12.45122900324906	12.45122900324906	0	6		97.99000000000001	1		0.5	0.520020955762976	6.259305247960695	7.300462027108188	2.112473971090738	8.665923817244442	24.396183257911293	5.93982985588681	13.00597895177207	7.206436972456254	0.25	1.3707826701888748	0	0	0	0	0	0	0	0	0	0	0	0	0	0	3	0	9	0	0	0	9	0	0	1	0	0	2	0	0	0	0	0	0	0	0	0	0	0	0	0	0	4	1	0	0	0	0	0	0	0	0	0	0	0	0	0	0	0	0	0	0	0	0	0	0	0	0	0	0	0	0	0	0	0	0	0	0	0	0	0	0	0	0	0	0	0	0	22.203125	7.8477508650519034	3.4565376186997807	0.9583333333333334	4372.05	0.5862068965517241	643	21.13746372257519	13.591895258414459	13.677248822783028	11.88965006620098	10.025854149712403	8.726783294411312	6.2763979896920965	4.7408050088407485	18.257216125849258	11.852776624819134	11.450068632703209	10.299341562625386	8.766830858448133	7.07694000908201	5.207677824228792	3.9106752288296	7.924572486367408	13.727724278278844	22.701964003247873	6.667985976231938	11.710134768053466	17.966716921457483	3.28557367147266	0.23570226039551587	1.2031522262693357	0.19245008972987526	2.569531827429379	0.23570226039551587	1.0411897222264832	0.19245008972987526	0	0	0.08333333333333333	0.37759704578347697	0.9607476921576668	0	0	0.08333333333333333	0.37759704578347697	0.8927131765110282	0	0	1	0	0	3	12	6	2	2556.9917470101273	3207.0730666137765	5117.654529771377	5748.660679648041	5173.1850944252565	32.87234517770473	33.660459885662824	54.431204852601454	64.09538880686658	62.64928767985589	0.4341024995700424	-0.14966057158591692	-0.08145850471783236	0.05037006300134791	-0.0484879990350596	4	5																														44.686279999999996	72.92171999999997																		
0246_01191																																																																																																																																																				0	0	0	0	0	0	0	0	0	0	0	0	0	0	0	0	0	0	0	0																		11.74232326078811	16.010430634834808	-0.4221081174821409	0.3774102849054287	3.8895817699115143	12.704592232747235	0.9583333333333334	5.366000000000001	408.57231631379034	1	4	3.55		2	15	32	0	69	0	0	3.089899999999996	9.547482009999976	110.5571	1	4	0	1	0	0	0	1	3	0	0	0	0.24000240534383332	166	2060	60	58.87257972579454	2.0300889560618804	12.45122900324906	12.45122900324906	0	6		97.99000000000001	1		0.5	0.520020955762976	6.259305247960695	7.300462027108188	2.112473971090738	8.665923817244442	24.396183257911293	5.93982985588681	13.00597895177207	7.206436972456254	0.25	1.3707826701888748	0	0	0	0	0	0	0	0	0	0	0	0	0	0	3	0	9	0	0	0	9	0	0	1	0	0	2	0	0	0	0	0	0	0	0	0	0	0	0	0	0	4	1	0	0	0	0	0	0	0	0	0	0	0	0	0	0	0	0	0	0	0	0	0	0	0	0	0	0	0	0	0	0	0	0	0	0	0	0	0	0	0	0	0	0	0	0	22.203125	7.8477508650519034	3.4565376186997807	0.9583333333333334	4372.05	0.5862068965517241	643	21.13746372257519	13.591895258414459	13.677248822783028	11.88965006620098	10.025854149712403	8.726783294411312	6.2763979896920965	4.7408050088407485	18.257216125849258	11.852776624819134	11.450068632703209	10.299341562625386	8.766830858448133	7.07694000908201	5.207677824228792	3.9106752288296	7.924572486367408	13.727724278278844	22.701964003247873	6.667985976231938	11.710134768053466	17.966716921457483	3.28557367147266	0.23570226039551587	1.2031522262693357	0.19245008972987526	2.569531827429379	0.23570226039551587	1.0411897222264832	0.19245008972987526	0	0	0.08333333333333333	0.37759704578347697	0.9607476921576668	0	0	0.08333333333333333	0.37759704578347697	0.8927131765110282	0	0	1	0	0	3	12	6	2	2556.9917470101273	3207.0730666137765	5117.654529771377	5748.660679648041	5173.1850944252565	32.87234517770473	33.660459885662824	54.431204852601454	64.09538880686658	62.64928767985589	0.4341024995700424	-0.14966057158591692	-0.08145850471783236	0.05037006300134791	-0.0484879990350596	4	5																														44.686279999999996	72.92171999999997																		
0246_01196																																																																																																																																																				0	0	0	0	0	0	0	0	1	0	0	0	0	0	0	0	0	0	0	0																		11.742531882558788	16.01056996418179	-0.4213593567011751	0.3934287709424932	3.6999873187847525	12.661978829855403	0.9230769230769231	5.269	433.6249086483103	1	7	3.7700000000000005		3	18	34	0	74	0	0	4.4319000000000015	19.641737610000014	120.63420000000004	1	4	0	1	0	0	0	1	3	0	0	0	0.19992190090057982	172	2824	58	63.038019198105665	2.0334844902614733	12.726025418708861	9.808288276855759	2.9177371418531077	6.08746284125034		86.63000000000001	0.8888888888888888		0.47058823529411764	0.520020955762976	7.803485663540045	6.162728006025513	2.112473971090738	14.4246557701147	26.952060459387287	7.296166437021318	7.870332626385417	5.698564402408475	0.25	0.7831024870726393	0	0	0	0	0	0	0	0	0	0	0	0	0	0	3	0	12	0	0	0	7	0	0	2	0	0	2	0	0	0	0	1	0	0	0	0	0	0	0	0	0	2	2	0	0	0	0	0	0	0	0	0	0	0	0	0	0	0	0	0	0	0	0	0	0	0	0	0	0	0	0	0	0	0	0	0	0	0	0	0	0	0	0	0	0	0	0	24.134948096885815	9.330621301775148	4.537037037037037	0.9230769230769231	4999.05	0.5483870967741935	843	22.38854057813175	14.647538151080287	14.395822257987573	12.039807125248746	9.958561655288435	8.427750802850793	5.994155332793524	4.676447843346234	19.737657030493594	12.814106352671017	11.999898348332263	10.661838764657807	9.033248886019113	7.228154950932409	5.420837771622087	4.216346394681111	7.338376167696855	12.239272447040303	18.901646350468074	6.5708215567414605	11.508031765655645	17.261884224234052	3.2408067160842147	0.23570226039551587	1.0223410617757869	0.2032631323962854	2.5210261073897997	0.23570226039551587	1.0223410617757869	0.2032631323962854	0	0	0.08333333333333333	0.3936345532609666	0.9760469218395453	0	0	0.08333333333333333	0.3936345532609666	0.9434736705754029	0	0	2	0	0	4	12	6	2	2607.8128269891517	3207.8474379716713	4964.6112174943855	5389.586580035194	4689.831896762695	34.457856443440264	35.66073177489115	55.32075438463127	60.60147303584393	55.15873379597583	0.46366188944539755	-0.1979542785700141	-0.04959713519668266	0.09024046690730657	-0.15321813366373305	3	5																														49.58390099999999	78.74009899999997																		
0246_01198																																																																																																																																																				0	0	0	0	0	0	0	0	1	0	0	0	0	0	0	0	0	0	0	0																		11.742436081968489	16.01085033809116	-0.4222145109337433	0.3934750711802562	3.700045179047325	12.692538273104716	0.9230769230769231	3.3949999999999982	449.6243135758797	0	7	3.66		3	18	35	0	75	0	0	3.262499999999999	10.643906249999992	122.22610000000002	1	4	0	1	0	0	0	1	3	0	0	0	0.23782915856615552	178	3024	61	64.8675026227812	2.0271094569619126	15.309064414995891	12.391334748570767	2.9177296664251298	6.129283016944966		106.86000000000001	0.8888888888888888		0.47058823529411764	0.520020955762976	7.167758093702724	6.796989370127024	2.112473971090738	11.775004918452778	27.266052654492707	6.596979349143888	10.19659647571867	6.402051397502207	0.25	1.1644974333166223	0	0	0	0	0	0	0	0	0	0	0	0	0	0	3	0	11	0	0	0	8	0	0	2	0	0	2	0	0	0	0	1	0	0	0	0	0	0	0	0	0	3	2	0	0	0	0	0	0	0	0	0	0	0	0	0	0	0	0	0	0	0	0	0	0	0	0	0	0	0	0	0	0	0	0	0	0	0	0	0	0	0	0	0	0	0	0	25.103673469387754	9.567901234567902	4.64	0.9230769230769231	5092.06	0.53125	870	23.25878406613483	15.058221753603247	14.941027780621614	12.406028783328948	10.420633708372534	8.839633376695787	6.371169339539447	4.7737091658685245	20.05511411399663	12.905638575751512	12.135167631504148	10.675343345208196	9.076083733829437	7.193937288392049	5.433408394586833	4.093619103698526	7.7012379406484435	13.22374985329534	20.805384048693107	6.6360345556768685	11.747415937165417	17.642369073253466	3.4500225393800816	0.23570226039551587	1.0608406615707213	0.19245008972987526	2.599948925629097	0.23570226039551587	1.0147751278623847	0.19245008972987526	0	0	0.08333333333333333	0.38480574089441705	0.9750297872651527	0	0	0.08333333333333333	0.38480574089441705	0.9207410351582486	0	0	2	0	0	4	12	6	2	2681.8021857556196	3313.665916199551	5165.231582730087	5679.149409953915	5067.556411169023	36.23232547898121	36.99282375202371	57.9849383388964	64.59774896724161	61.819193681638644	0.5393134048395917	-0.22018375345009006	-0.05269481769409225	0.1004851186848987	-0.21208145345686977	4	6																														49.58390099999999	79.54209899999996																		
0246_01199																																																																																																																																																				0	0	0	0	0	0	0	0	1	0	0	0	0	0	0	0	0	0	0	0																		11.742419745995097	16.01085033622153	-0.42164523625680583	0.39347522695009246	3.7001033370629717	12.723362829257493	0.9230769230769231	3.1839999999999997	449.6243135758797	0	7	3.66		3	18	35	0	75	0	0	3.262499999999999	10.643906249999992	122.22610000000002	1	4	0	1	0	0	0	1	3	0	0	0	0.23782915856615552	178	3011	61	64.8664685945309	2.0270771435790906	15.320717450861762	12.402994043151445	2.917723407710324	6.129283016944966		106.86000000000001	0.8888888888888888		0.47058823529411764	0.520020955762976	7.148320307321768	6.817322820082089	2.112473971090738	11.670915781671974	27.10660408548349	6.63239280118565	10.456701293274957	6.364459545808115	0.25	1.1716465450689586	0	0	0	0	0	0	0	0	0	0	0	0	0	0	3	0	11	0	0	0	8	0	0	2	0	0	2	0	0	0	0	1	0	0	0	0	0	0	0	0	0	3	2	0	0	0	0	0	0	0	0	0	0	0	0	0	0	0	0	0	0	0	0	0	0	0	0	0	0	0	0	0	0	0	0	0	0	0	0	0	0	0	0	0	0	0	0	25.103673469387754	9.567901234567902	4.64	0.9230769230769231	5092.06	0.53125	868	23.25878406613483	15.058221753603247	14.944953792054893	12.400293962879898	10.337432598434619	9.043742846692444	6.316324322643263	4.8123906000348375	20.05511411399663	12.905638575751512	12.139093642937429	10.67926501093741	8.998009062986979	7.304672317697739	5.361056333994838	4.114745275353905	7.730478400234345	12.91006223653055	20.982850555488305	6.6758289730390254	11.549973859505773	17.682009456347583	3.451537324102887	0.23570226039551587	1.0832508571745267	0.2032631323962854	2.6014637103519025	0.23570226039551587	1.0398198554890035	0.2032631323962854	0	0	0.08333333333333333	0.38480574089441705	0.9701899368714092	0	0	0.08333333333333333	0.38480574089441705	0.9159011847645051	0	0	2	0	0	4	12	6	2	2685.808596733653	3320.1916874784674	5180.795962217278	5704.512479774459	5107.382035749763	36.23232547898121	36.99282375202371	57.9849383388964	64.59774896724161	61.819193681638644	0.5389503240374559	-0.22179581560256262	-0.059784260160217234	0.09833623364397535	-0.14121362795471212	4	6																														49.58390099999999	79.54209899999996																		
0246_01210																																																																																																																																																				0	0	0	0	0	0	0	0	0	0	0	0	0	0	0	0	0	0	0	0																		11.742322789449753	31.978849383775724	-0.42240830514559263	0.4499570537699118	4.928814254302428	12.76700233740853	0.9615384615384616	4.043999999999999	515.705089931708	1	8	3.33		3	19	38	0	80	0	0	1.728999999999997	2.9894409999999896	132.2099	1	4	0	1	0	0	0	1	3	0	0	0	0.2960265179028612	196	3936	67	70.46382426651793	2.0132521219005124	23.411369218913382	17.257353774183002	2.948862762553013	6.247927513443585		152.54	1		0.5	0.520020955762976	6.716930190725718	7.300462027108188	2.112473971090738	10.847812320550554	25.71554969918511	5.924020411619888	13.00597895177207	7.206436972456254	0.25	2.5830595591145866	0	0	0	0	0	0	0	0	0	0	0	0	0	0	3	0	11	0	0	0	9	0	0	1	0	0	2	0	0	0	0	1	0	0	0	0	0	0	0	0	0	4	3	0	0	0	0	0	0	0	0	0	0	0	0	0	0	0	0	0	1	0	0	0	0	0	0	0	0	0	0	0	0	0	0	0	0	0	0	0	0	0	0	0	0	0	0	28.019390581717452	10.285	5.30650815424478	0.9615384615384616	5699.09	0.4857142857142857	1015	25.75878406613483	16.276346670281974	16.84146238515612	13.42879919719342	11.102230051576116	9.315596574883303	7.006472324786779	5.028100092851697	21.599916330512176	13.938843608486243	13.084604545210397	11.174393496947578	9.272100926038899	7.384484509538042	5.4756392098451	4.080801041972471	8.794145642236458	14.747913962294659	23.337308243279583	6.887137261361647	11.88958792288245	18.096541179050494	4.72666068738343	0.5892556509887896	1.2031522262693355	0.19245008972987526	2.852904809381268	0.2679569687170235	1.0411897222264828	0.19245008972987526	0	0	0.08333333333333333	0.37759704578347697	0.9607476921576666	0	0	0.08333333333333333	0.37759704578347697	0.8927131765110281	0	0	1	0	0	5	12	6	2	3021.328203472361	3698.6879398329897	5760.914331977548	6295.839652411504	5756.425938829919	46.90901658851311	48.99971533440089	68.19993754592898	74.37130194246689	73.14563960878917	0.6266520632265448	-0.22747608629162996	-0.04956621604434756	-0.037886590092984215	0.06393944145735682	5	8																														57.28831499999999	85.37968499999998																		
0246_01211																																																																																																																																																				0	0	0	0	0	0	0	0	0	0	0	0	0	0	0	0	0	0	0	0																		11.742322789449753	31.978849383775724	-0.42240830514559263	0.4499570537699118	4.928814254302428	12.76700233740853	0.9615384615384616	4.043999999999999	515.705089931708	1	8	3.33		3	19	38	0	80	0	0	1.728999999999997	2.9894409999999896	132.2099	1	4	0	1	0	0	0	1	3	0	0	0	0.2960265179028612	196	3936	67	70.46382426651793	2.0132521219005124	23.411369218913382	17.257353774183002	2.948862762553013	6.247927513443585		152.54	1		0.5	0.520020955762976	6.716930190725718	7.300462027108188	2.112473971090738	10.847812320550554	25.71554969918511	5.924020411619888	13.00597895177207	7.206436972456254	0.25	2.5830595591145866	0	0	0	0	0	0	0	0	0	0	0	0	0	0	3	0	11	0	0	0	9	0	0	1	0	0	2	0	0	0	0	1	0	0	0	0	0	0	0	0	0	4	3	0	0	0	0	0	0	0	0	0	0	0	0	0	0	0	0	0	1	0	0	0	0	0	0	0	0	0	0	0	0	0	0	0	0	0	0	0	0	0	0	0	0	0	0	28.019390581717452	10.285	5.30650815424478	0.9615384615384616	5699.09	0.4857142857142857	1015	25.75878406613483	16.276346670281974	16.84146238515612	13.42879919719342	11.102230051576116	9.315596574883303	7.006472324786779	5.028100092851697	21.599916330512176	13.938843608486243	13.084604545210397	11.174393496947578	9.272100926038899	7.384484509538042	5.4756392098451	4.080801041972471	8.794145642236458	14.747913962294659	23.337308243279583	6.887137261361647	11.88958792288245	18.096541179050494	4.72666068738343	0.5892556509887896	1.2031522262693355	0.19245008972987526	2.852904809381268	0.2679569687170235	1.0411897222264828	0.19245008972987526	0	0	0.08333333333333333	0.37759704578347697	0.9607476921576666	0	0	0.08333333333333333	0.37759704578347697	0.8927131765110281	0	0	1	0	0	5	12	6	2	3021.328203472361	3698.6879398329897	5760.914331977548	6295.839652411504	5756.425938829919	46.90901658851311	48.99971533440089	68.19993754592898	74.37130194246689	73.14563960878917	0.6266520632265448	-0.22747608629162996	-0.04956621604434756	-0.037886590092984215	0.06393944145735682	5	8																														57.28831499999999	85.37968499999998																		
0246_01216																																																																																																																																																				0	0	0	0	0	0	0	0	0	0	0	0	0	0	0	0	0	0	0	0																		11.742331322043686	16.01018667775095	-0.4208135894597769	0.37735867485408947	3.8927736539805586	12.897590378224828	0.9583333333333334	5.9670000000000005	392.57291138622094	1	4	3.6599999999999997		2	14	31	0	68	0	0	4.124299999999996	17.00985048999997	109.11880000000001	1	4	0	1	0	0	0	1	3	0	0	0	0.19821935996493653	160	1843	58	57.030943642522814	2.0368194158043864	9.934309341240303	9.934309341240303	0	5.954196310386876		77.76	0.8571428571428571		0.46153846153846156	0.520020955762976	6.383532520530667	7.265943026418566	2.112473971090738	10.571468595810058	24.2716578839458	6.029370117563605	11.373146486836507	7.241492059533078	0.25	0.9202893164613647	0	0	0	0	0	0	0	0	0	0	0	0	0	0	3	0	10	0	0	0	8	0	0	1	0	0	2	0	0	0	0	0	0	0	0	0	0	0	0	0	0	3	1	0	0	0	0	0	0	0	0	0	0	0	0	0	0	0	0	0	0	0	0	0	0	0	0	0	0	0	0	0	0	0	0	0	0	0	0	0	0	0	0	0	0	0	0	21.240374609781476	7.601832569762599	3.260030864197531	0.9583333333333334	4285.04	0.6071428571428571	585	20.26722023457211	13.191248357023568	13.086946095573545	11.482447895680242	9.775143240328916	8.47316414137317	6.016272957889336	4.5993382145667425	17.93975904234622	11.77128110287071	11.252976620272538	10.279442577649617	8.738905615176787	7.0998194080483055	5.124344785291021	3.9151551119669437	7.691482670200779	13.21013144072851	22.013306882414458	6.615625674518454	11.510813945412158	17.91135092004622	2.9817701576818427	0.21407617506269555	1.3387529714022082	0.25364688940716357	2.3949415322837964	0.21407617506269555	1.1274166138886472	0.21603453863569563	0	0	0.08333333333333333	0.3784071044112816	0.9682885575702879	0	0	0.08333333333333333	0.3784071044112816	0.8982616075978925	0	0	1	0	0	3	12	6	2	2511.345721884225	3146.782399736535	5010.721092164925	5640.82122603662	5060.414606770134	31.097876142163784	32.328367908530254	51.76702089833633	60.98882779419307	59.98510372559076	0.3422715399154273	-0.14109002929041695	-0.018237146072618855	0.005514062098637194	0.010285429856272916	3	4																														44.68627999999999	72.11971999999996																		
0246_01217																																																																																																																																																				0	0	0	0	0	0	0	0	0	0	0	0	0	0	0	0	0	0	0	0																		11.721457264248349	16.009978512393072	-0.4210130836434439	0.3773222634573118	3.8908536217979606	12.775146411826043	0.875	7.545	374.557624951	1	4	3.7699999999999996		2	15	30	0	65	0	0	4.714099999999997	22.222738809999967	108.79709999999999	1	4	0	1	0	0	0	1	3	0	0	0	0.15370759304313267	154	1772	53	55.21650366699453	2.045055691370168	7.308396708907834	7.308396708907834	0	5.906890595608519		57.53	1		0.5	0.520020955762976	7.547173698041816	6.022938959392613	2.112473971090738	13.497634103551706	25.32265565120436	7.312151116183132	7.277394883093447	5.835344626521852	0.25	0.4099138248797977	0	0	0	0	0	0	0	0	0	0	0	0	0	0	3	0	9	0	2	0	7	0	0	1	0	0	2	0	0	0	0	0	0	0	0	0	0	0	0	0	0	2	1	0	0	0	0	0	0	0	0	0	0	0	0	0	0	0	0	0	0	0	0	0	0	0	0	0	0	0	0	0	0	0	0	0	0	0	0	0	0	0	0	0	0	0	0	20.28	7.356269805341784	3.3361550456671862	0.875	3922.03	0.6296296296296297	603	19.396976746569035	12.753691300962934	12.713300273275411	10.88754189892859	9.245188494262175	7.7690477420451485	5.681950978800573	4.492539561704358	17.362788934849345	11.34641554645688	10.823107381970816	9.643169727045871	8.09943998039246	6.361195310505476	4.635749836969366	3.533989776043565	6.930127877232991	11.85923261934738	18.31994248925229	5.9897393257028675	10.264268808289465	15.063696149779119	2.9521315814894016	0.23570226039551587	1.022341061775787	0.2032631323962854	2.330690195944926	0.21407617506269555	0.9286641313530989	0.17677669529663687	0	0	0.08333333333333333	0.3936345532609666	0.9760469218395453	0	0	0.08333333333333333	0.3667840031170668	0.8440470186806522	0	0	1	2	0	3	10	6	2	2428.8929700623617	3019.6185294043144	4745.722928354483	5149.010870377353	4408.408933749773	29.323407106622838	30.996275931397694	49.1028369440712	54.328367908530254	49.328367908530254	0.2701605845143843	-0.1166113217107987	-0.012345613086227829	-0.0030542330631287626	0.003129380083706236	2	3																														42.49986599999999	69.98413399999995																		
